      1.99198  -20953.58536 6365487.38312
      1.78442  -20953.94095 6365484.97953
      1.82332  -20953.83346 6365485.22529
      1.97413  -20954.41930 6365486.41260
      1.77826  -20954.92036 6365485.44048
      1.46540  -20953.69744 6365483.60598
      1.68267  -20954.34838 6365484.00345
      1.82175  -20954.88734 6365484.95127
      1.94334  -20954.36781 6365483.74742
      2.26943  -20953.80188 6365483.38356
      2.38185  -20954.40097 6365483.80824
      2.02584  -20954.46728 6365482.28467
      1.73020  -20954.71557 6365482.35229
      1.90162  -20955.04264 6365483.47262
      2.07172  -20954.57891 6365481.29793
      1.78951  -20954.77093 6365481.94525
      1.64927  -20954.84410 6365480.04816
      0.71382  -20954.99474 6365482.60369
      2.12415  -20954.50594 6365481.37492
      1.78614  -20954.85044 6365479.74267
      1.62661  -20955.19660 6365479.73209
      2.76149  -20956.47287 6365480.31193
      2.07038  -20956.29186 6365480.40285
      1.13767  -20956.21267 6365477.24959
      1.64088  -20955.10965 6365479.20227
      1.70525  -20955.57608 6365479.40223
      0.46870  -20957.48514 6365485.43904
      0.31562  -20957.63263 6365486.32836
      0.86458  -20957.50329 6365485.16154
      0.84170  -20957.52695 6365484.11759
      0.96367  -20958.49125 6365484.25865
      0.70708  -20957.63784 6365485.15402
      1.38316  -20957.71056 6365483.96260
      0.11351  -20957.41494 6365482.78466
      0.40545  -20958.01275 6365483.04919
      0.85306  -20957.38884 6365482.26922
      0.96934  -20957.77105 6365480.56482
      0.85091  -20957.71988 6365482.17930
      0.43862  -20958.23028 6365481.71528
      1.32869  -20958.54018 6365481.27329
      0.76707  -20958.16133 6365480.36007
      0.71079  -20958.59458 6365480.05126
      0.91330  -20957.88789 6365480.96246
      1.58129  -20958.60001 6365479.85068
      1.04499  -20958.15538 6365479.97308
      0.46123  -20958.99621 6365479.39119
      1.72482  -20958.20685 6365474.34493
      1.98519  -20958.04997 6365476.10232
      1.20886  -20958.59150 6365473.70723
      1.68428  -20958.75085 6365472.51913
      1.94977  -20958.39635 6365474.32335
      1.61246  -20957.98233 6365474.36815
      1.76815  -20958.72699 6365474.93765
      1.62555  -20958.67774 6365472.73060
      1.49701  -20959.06028 6365470.33580
      1.05178  -20959.24529 6365473.47501
      1.61355  -20959.39649 6365470.68801
      1.41145  -20958.14170 6365474.44978
      1.33407  -20958.99581 6365471.03036
      1.36940  -20960.16810 6365471.36245
      1.51918  -20958.97713 6365471.57179
      0.87807  -20958.16203 6365470.88307
      0.49799  -20958.81792 6365470.43288
      1.33854  -20959.07142 6365471.40152
      1.66443  -20960.33076 6365470.33643
      1.21325  -20959.53353 6365469.76947
      1.19693  -20958.65975 6365470.96583
      1.55545  -20959.34081 6365472.43565
      1.64046  -20959.56116 6365469.74032
      1.72984  -20959.64843 6365469.01567
      1.12422  -20958.94089 6365469.11043
      0.96617  -20959.06747 6365469.67431
      1.08642  -20959.59728 6365468.26936
      1.42434  -20959.37851 6365472.16625
      2.11851  -20960.74506 6365470.35572
      1.86917  -20960.10202 6365471.62803
      2.11069  -20962.07135 6365468.22074
      1.91902  -20961.52970 6365470.29263
      2.05188  -20961.35487 6365471.56060
      1.42571  -20960.81858 6365472.01598
      2.58456  -20957.56100 6365479.10841
      3.42281  -20958.66394 6365476.45849
      3.34282  -20958.01627 6365477.95417
      3.64196  -20958.25028 6365475.80967
      3.35167  -20958.69912 6365477.47540
      3.54015  -20957.89829 6365476.17493
      3.75025  -20958.69860 6365476.61129
      3.82043  -20959.04185 6365475.24164
      3.45741  -20959.03040 6365476.29253
      3.04006  -20959.03783 6365474.65863
      2.55628  -20958.17434 6365476.50967
      3.49468  -20958.29720 6365475.29669
      3.91666  -20959.03489 6365474.68766
      2.99378  -20957.09317 6365471.14316
      1.83791  -20955.57769 6365472.46239
      2.89214  -20956.22475 6365471.83102
      3.07174  -20956.67770 6365473.38315
      2.68668  -20956.