-0.13992 -2.87162 -1.80818
-0.10538 -2.84786 -1.88477
-0.06558 -2.96932 -1.47607
-0.09059 -3.13763 -1.50597
-0.16523 -3.06595 -1.77593
-0.20085 -3.06966 -1.89528
-0.17532 -3.10826 -1.97022
-0.17876 -3.13919 -1.90874
-0.16448 -3.10499 -1.83528
-0.11723 -3.09594 -1.83875
-0.11680 -3.09989 -1.95248
-0.12828 -3.10115 -2.09999
-0.12095 -3.13116 -2.15200
-0.12578 -3.12992 -2.23518
-0.14228 -3.14706 -2.27253
-0.15959 -3.15570 -2.44873
-0.21866 -3.15825 -2.49247
-0.21387 -3.16319 -2.47555
-0.22514 -3.16858 -2.58204
-0.23452 -3.16754 -2.70618
-0.19704 -3.22635 -2.77791
-0.19581 -3.26598 -2.85088
-0.22771 -3.29265 -3.05717
-0.24379 -3.29496 -3.09196
-0.25828 -3.30500 -3.14648
-0.28312 -3.34262 -3.16174
-0.30356 -3.38161 -3.18532
-0.31336 -3.41793 -3.18408
-0.32468 -3.44937 -3.21848
-0.32779 -3.49383 -3.27846
-0.33513 -3.52611 -3.30459
-0.33076 -3.54347 -3.33580
-0.35856 -3.55814 -3.39644
-0.37464 -3.57683 -3.47513
-0.38521 -3.58924 -3.52715
-0.39890 -3.60550 -3.59451
-0.40829 -3.61143 -3.63333
-0.42460 -3.62684 -3.71481
-0.42697 -3.64260 -3.73205
-0.44047 -3.65981 -3.79469
-0.45520 -3.67789 -3.85086
-0.46085 -3.68534 -3.90767
-0.45905 -3.70263 -3.95059
-0.46614 -3.71219 -4.01012
-0.48314 -3.73179 -4.09683
-0.48750 -3.74173 -4.17756
-0.48514 -3.75126 -4.24098
-0.49792 -3.76795 -4.33218
-0.50493 -3.78795 -4.45339
-0.50475 -3.79985 -4.53270
-0.51197 -3.80250 -4.60551
-0.51769 -3.81621 -4.66807
-0.52346 -3.82541 -4.75880
-0.53548 -3.83472 -4.87498
-0.54993 -3.85182 -4.95076
-0.55867 -3.87078 -5.07434
-0.56687 -3.87580 -5.14719
-0.58039 -3.88932 -5.26175
-0.59329 -3.91285 -5.35480
-0.60418 -3.92138 -5.44669
-0.62182 -3.91988 -5.55321
-0.64245 -3.92685 -5.65775
-0.65400 -3.93510 -5.74387
-0.66536 -3.95175 -5.82840
-0.67782 -3.96366 -5.93445
-0.68895 -3.96131 -6.01408
-0.69605 -3.97089 -6.07909
-0.70370 -3.97964 -6.17298
-0.71126 -3.98661 -6.27397
-0.72226 -3.98797 -6.37421
-0.73369 -3.99311 -6.46988
-0.74678 -3.99691 -6.56475
-0.75855 -3.99486 -6.65674
-0.76445 -4.00660 -6.74637
-0.77251 -4.00808 -6.82929
-0.78331 -4.01782 -6.93645
-0.79585 -4.02762 -7.02711
-0.80099 -4.04687 -7.09978
-0.81187 -4.05228 -7.16570
-0.82030 -4.05156 -7.22766
-0.82581 -4.05644 -7.30579
-0.82642 -4.05607 -7.35190
-0.82874 -4.05823 -7.42624
-0.83037 -4.06131 -7.47269
-0.83217 -4.05587 -7.51899
-0.83134 -4.05846 -7.56427
-0.83158 -4.05942 -7.62422
-0.83448 -4.06322 -7.66526
-0.84092 -4.06875 -7.73124
-0.84542 -4.07363 -7.77072
-0.84462 -4.07662 -7.81394
-0.84077 -4.07791 -7.86567
-0.84639 -4.07313 -7.93395
-0.85484 -4.06379 -8.00395
-0.85916 -4.05316 -8.06271
-0.85959 -4.04890 -8.11144
-0.86322 -4.04339 -8.16474
-0.87386 -4.03661 -8.22850
-0.88925 -4.02324 -8.30537
-0.90291 -4.01376 -8.38875
-0.91778 -4.00491 -8.45101
-0.93272 -3.99300 -8.52045
-0.94457 -3.98600 -8.59137
-0.95239 -3.97701 -8.65051
-0.95455 -3.96804 -8.70887
-0.96247 -3.96372 -8.76989
-0.97667 -3.96032 -8.85387
-0.98912 -3.94565 -8.92825
-0.99946 -3.93676 -8.99076
-1.00482 -3.92873 -9.04783
-1.00938 -3.92020 -9.09947
-1.01760 -3.91745 -9.16366
-1.02866 -3.91045 -9.22326
-1.03908 -3.90247 -9.28700
-1.04743 -3.89935 -9.34533
-1.05260 -3.89847 -9.40032
-1.05831 -3.89170 -9.45898
-1.06118 -3.88954 -9.50844
-1.06387 -3.88595 -9.55503
-1.07300 -3.88409 -9.62471
-1.07466 -3.87881 -9.66198
-1.07641 -3.87477 -9.69876
-1.07408 -3.87015 -9.73380
-1.07274 -3.86242 -9.76763
-1.06940 -3.86511 -9.79755
-1.06719 -3.86498 -9.82943
-1.06514 -3.86349 -9.86117
-1.06545 -3.86410 -9.90110
-1.06447 -3.86496 -9.93164
-1.06658 -3.86825 -9.97445
 -1.06615  -3.86709 -10.01412
 -1.06450  -3.86659 -10.05108
 -1.06462  -3.86762 -10.09511
 -1.06337  -3.86677 -10.13395
 -1.06219  -3.86787 -10.16652
 -1.06257  -3.86855 -10.19797
 -1.06184  -3.86640 -10.22819
 -1.06177  -3.86579 -10.26127
 -1.05795  -3.86621 -10.29364
 -1.05392  -3.86595 -10.32216
 -1.05048  -3.86580 -10.34887
 -1.04995  -3.86573 -10.38597
 -1.05122  -3.86524 -10.42655
 -1.04901  -3.86791 -10.45334
 -1.04665  -3.87257 -10.48557
 -1.04796  -3.87398 -10.51819
 -1.04587  -3.87947 -10.55302
 -1.04287  -3.88123 -10.59006
 -1.03962  -3.88454 -10.61968
 -1.03629  -3.88890 -10.64991
 -1.03296  -3.89374 -10.68205
 -1.02466  -3.90121 -10.69909
 -1.02390  -3.90797 -10.71530
 -1.01835  -3.91369 -10.72786
 -1.01683  -3.92326 -10.75214
 -1.01414  -3.92809 -10.76975
 -1.00995  -3.93840 -10.79195
 -1.01008  -3.94596 -10.81854
 -1.00528  -3.95406 -10.83213
 -1.00136  -3.96286 -10.85061
 -0.99678  -3.97051 -10.86566
 -0.99185  -3.97826 -10.88268
 -0.99065  -3.98635 -10.89768
 -0.98706  -3.99470 -10.91685
 -0.98615  -4.00566 -10.93878
 -0.98112  -4.01525 -10.95988
 -0.97438  -4.02457 -10.97444
 -0.96692  -4.03500 -10.99131
 -0.96127  -4.04686 -11.00702
 -0.95469  -4.05594 -11.02083
 -0.95132  -4.06461 -11.04248
 -0.94580  -4.07422 -11.05938
 -0.93984  -4.08406 -11.08964
 -0.93189  -4.09437 -11.11137
 -0.92285  -4.10580 -11.13553
 -0.91702  -4.11852 -11.15862
 -0.90863  -4.12569 -11.18110
 -0.90190  -4.13562 -11.20653
 -0.89250  -4.14571 -11.21994
 -0.88243  -4.15531 -11.24029
 -0.86987  -4.16585 -11.25526
 -0.85954  -4.17670 -11.26645
 -0.84510  -4.19107 -11.28190
 -0.83648  -4.19931 -11.29562
 -0.82487  -4.21206 -11.30504
 -0.81304  -4.22078 -11.31964
 -0.79780  -4.23481 -11.32964
 -0.78804  -4.24419 -11.34083
 -0.77621  -4.26035 -11.35431
 -0.76543  -4.27061 -11.37314
 -0.75442  -4.28216 -11.38342
 -0.74222  -4.29290 -11.39710
 -0.73066  -4.30256 -11.40497
 -0.71962  -4.31484 -11.41720
 -0.70633  -4.32793 -11.42520
 -0.69319  -4.34136 -11.44040
 -0.67981  -4.34833 -11.43897
 -0.67022  -4.35066 -11.44611
 -0.66306  -4.35491 -11.45648
 -0.65148  -4.35961 -11.45841
 -0.64427  -4.36531 -11.47073
 -0.63674  -4.37015 -11.48023
 -0.62295  -4.37903 -11.48749
 -0.61031  -4.38857 -11.48734
 -0.60580  -4.39122 -11.50223
 -0.59677  -4.39592 -11.52159
 -0.58767  -4.39868 -11.54027
 -0.58020  -4.40501 -11.55121
 -0.57548  -4.41236 -11.56576
 -0.56945  -4.41978 -11.57891
 -0.56054  -4.42877 -11.59105
 -0.55370  -4.43790 -11.59980
 -0.54676  -4.44839 -11.61079
 -0.54012  -4.45775 -11.62384
 -0.53348  -4.46551 -11.63892
 -0.52692  -4.47453 -11.64829
 -0.52038  -4.48221 -11.66176
 -0.51276  -4.49182 -11.67074
 -0.50375  -4.50139 -11.68168
 -0.49285  -4.51281 -11.70381
 -0.48139  -4.52514 -11.72593
 -0.47243  -4.53410 -11.75419
 -0.46132  -4.54745 -11.77650
 -0.45050  -4.55905 -11.80221
 -0.44239  -4.56823 -11.82973
 -0.43095  -4.57915 -11.85493
 -0.42026  -4.58992 -11.87998
 -0.41037  -4.60382 -11.90183
 -0.39613  -4.61776 -11.92651
 -0.38394  -4.62954 -11.95116
 -0.36937  -4.64255 -11.97938
 -0.35546  -4.65673 -12.00314
 -0.34254  -4.66884 -12.03143
 -0.32827  -4.68302 -12.05999
 -0.31815  -4.69662 -12.08932
 -0.30652  -4.71066 -12.11536
 -0.29632  -4.72257 -12.14728
 -0.28457  -4.73435 -12.17894
 -0.27164  -4.74954 -12.20757
 -0.25915  -4.76369 -12.23719
 -0.24644  -4.77884 -12.26628
 -0.23377  -4.79362 -12.29638
 -0.22193  -4.80664 -12.33018
 -0.21022  -4.82171 -12.36035
 -0.19798  -4.83569 -12.38938
 -0.18264  -4.85354 -12.41922
 -0.16735  -4.86951 -12.45083
 -0.15403  -4.88593 -12.48394
 -0.14125  -4.90164 -12.51901
 -0.12684  -4.91869 -12.55223
 -0.11080  -4.93529 -12.58635
 -0.09655  -4.95121 -12.62310
 -0.08366  -4.96725 -12.65874
 -0.07023  -4.98300 -12.69434
 -0.05848  -4.99958 -12.72810
 -0.04432  -5.01621 -12.76357
 -0.03059  -5.03410 -12.79902
 -0.01646  -5.05055 -12.83299
 -0.00447  -5.06455 -12.86831
  0.01065  -5.08364 -12.90377
  0.02469  -5.10019 -12.93888
  0.03771  -5.11755 -12.96997
  0.05216  -5.13540 -13.00400
  0.06792  -5.15314 -13.04087
  0.08180  -5.17039 -13.07578
  0.09430  -5.18565 -13.11275
  0.10948  -5.20652 -13.15054
  0.12671  -5.22730 -13.19712
  0.14546  -5.25162 -13.23795
  0.16280  -5.27396 -13.28018
  0.17737  -5.29292 -13.32156
  0.19057  -5.31035 -13.36011
  0.20616  -5.33164 -13.40248
  0.21830  -5.34972 -13.43890
  0.23320  -5.36977 -13.47615
  0.24740  -5.38855 -13.51578
  0.26229  -5.40804 -13.56035
  0.27826  -5.42474 -13.60000
  0.29367  -5.44195 -13.63216
  0.30946  -5.45966 -13.66675
  0.32499  -5.47765 -13.70066
  0.34064  -5.49587 -13.73374
  0.35338  -5.50935 -13.76669
  0.36884  -5.52664 -13.80454
  0.38335  -5.54349 -13.83604
  0.39872  -5.55805 -13.87259
  0.41451  -5.57477 -13.90250
  0.42875  -5.58948 -13.93241
  0.44286  -5.60510 -13.96554
  0.45620  -5.61806 -13.99516
  0.46917  -5.63249 -14.02812
  0.48415  -5.64380 -14.05730
  0.49911  -5.65872 -14.08847
  0.51637  -5.67611 -14.12207
  0.53302  -5.69446 -14.15913
  0.54959  -5.71402 -14.20267
  0.56476  -5.73608 -14.24575
  0.57926  -5.75596 -14.28775
  0.59554  -5.77429 -14.32845
  0.61202  -5.79587 -14.36970
  0.62800  -5.81608 -14.41003
  0.64606  -5.83693 -14.44947
  0.66176  -5.85451 -14.49102
  0.67787  -5.87450 -14.53192
  0.69293  -5.89485 -14.57086
  0.71015  -5.91640 -14.61392
  0.72592  -5.93519 -14.65451
  0.73989  -5.95204 -14.69409
  0.75363  -5.96933 -14.73036
  0.76823  -5.98521 -14.76773
  0.78271  -6.00106 -14.79930
  0.79559  -6.01763 -14.83240
  0.80911  -6.03229 -14.86063
  0.82335  -6.05063 -14.89367
  0.83775  -6.06641 -14.92542
  0.85106  -6.07980 -14.95718
  0.86449  -6.09777 -14.99026
  0.87798  -6.11314 -15.02066
  0.89267  -6.13068 -15.05691
  0.90504  -6.14721 -15.09371
  0.91687  -6.15989 -15.12432
  0.92626  -6.17717 -15.14566
  0.93988  -6.19574 -15.16896
  0.95216  -6.21075 -15.19206
  0.96515  -6.22539 -15.21939
  0.97557  -6.23980 -15.24132
  0.98670  -6.25515 -15.26396
  1.00023  -6.26974 -15.28570
  1.01248  -6.28620 -15.30623
  1.02428  -6.29949 -15.32861
  1.03673  -6.31504 -15.35540
  1.04737  -6.32734 -15.37684
  1.06106  -6.34133 -15.40043
  1.07255  -6.35402 -15.42276
  1.08477  -6.36499 -15.44207
  1.09693  -6.37618 -15.46437
  1.10800  -6.38987 -15.48754
  1.11830  -6.39975 -15.50646
  1.13096  -6.41158 -15.52477
  1.14325  -6.42223 -15.54795
  1.15555  -6.43343 -15.57017
  1.16647  -6.43758 -15.58941
  1.17955  -6.44742 -15.61005
  1.19101  -6.45751 -15.63022
  1.20307  -6.46574 -15.64958
  1.21694  -6.47809 -15.66975
  1.22834  -6.48608 -15.68744
  1.23914  -6.49396 -15.70191
  1.24839  -6.50047 -15.72147
  1.25922  -6.50626 -15.73851
  1.27052  -6.51616 -15.75837
  1.28096  -6.52431 -15.77812
  1.29088  -6.52717 -15.80171
  1.29943  -6.52892 -15.82083
  1.30758  -6.52964 -15.84097
  1.31554  -6.53144 -15.85916
  1.32536  -6.53600 -15.87982
  1.33501  -6.53822 -15.89785
  1.34543  -6.54109 -15.91796
  1.35668  -6.54233 -15.93472
  1.36853  -6.54541 -15.95370
  1.37842  -6.54667 -15.97215
  1.38653  -6.54525 -15.98926
  1.39574  -6.54518 -16.00959
  1.40454  -6.54543 -16.02903
  1.41416  -6.54456 -16.04547
  1.42386  -6.54419 -16.06574
  1.43195  -6.54483 -16.08372
  1.44044  -6.54229 -16.09709
  1.44803  -6.54145 -16.11545
  1.45683  -6.53981 -16.13108
  1.46447  -6.53791 -16.14566
  1.47326  -6.53664 -16.16070
  1.48022  -6.53220 -16.17572
  1.48825  -6.53094 -16.19198
  1.49711  -6.52675 -16.20684
  1.50619  -6.52369 -16.21917
  1.51296  -6.51847 -16.23309
  1.52128  -6.51481 -16.24786
  1.52914  -6.51001 -16.26046
  1.53860  -6.50560 -16.27726
  1.54562  -6.50057 -16.29209
  1.55373  -6.49671 -16.30658
  1.56287  -6.49190 -16.32213
  1.56952  -6.48576 -16.33801
  1.57799  -6.48063 -16.35103
  1.58435  -6.47125 -16.36477
  1.59143  -6.46292 -16.37552
  1.59713  -6.45622 -16.38851
  1.60484  -6.44858 -16.39932
  1.61371  -6.44213 -16.40909
  1.62077  -6.43617 -16.42099
  1.62906  -6.43094 -16.43285
  1.63627  -6.42046 -16.44329
  1.64361  -6.41298 -16.45634
  1.65126  -6.40262 -16.46669
  1.66014  -6.39411 -16.47632
  1.66846  -6.38662 -16.48730
  1.67532  -6.37596 -16.50087
  1.68034  -6.36599 -16.51126
  1.68535  -6.35604 -16.51903
  1.69192  -6.34713 -16.53153
  1.69821  -6.33599 -16.54206
  1.70464  -6.32565 -16.55340
  1.71162  -6.31396 -16.56519
  1.71727  -6.30306 -16.57342
  1.72406  -6.29206 -16.58235
  1.73071  -6.27847 -16.59162
  1.73667  -6.26670 -16.60149
  1.74262  -6.25552 -16.61368
  1.74827  -6.24201 -16.62220
  1.75354  -6.22892 -16.63309
  1.75977  -6.21638 -16.64397
  1.76534  -6.20319 -16.65415
  1.77036  -6.18886 -16.66320
  1.77574  -6.17542 -16.67252
  1.78117  -6.16075 -16.68036
  1.78757  -6.14656 -16.69007
  1.79198  -6.13186 -16.70182
  1.79621  -6.11541 -16.71204
  1.80133  -6.10007 -16.72093
  1.80722  -6.08612 -16.72977
  1.81297  -6.07135 -16.73784
  1.81746  -6.05679 -16.74600
  1.82185  -6.04155 -16.75530
  1.82608  -6.02523 -16.76130
  1.83186  -6.01112 -16.77253
  1.83539  -5.99529 -16.77970
  1.84016  -5.97940 -16.78734
  1.84481  -5.96379 -16.79374
  1.84882  -5.94884 -16.80298
  1.85425  -5.93469 -16.81119
  1.85704  -5.91799 -16.81852
  1.86222  -5.90180 -16.82497
  1.86538  -5.88587 -16.83315
  1.86831  -5.86792 -16.83929
  1.87211  -5.85182 -16.84680
  1.87456  -5.83580 -16.85454
  1.87641  -5.82005 -16.86108
  1.87929  -5.80134 -16.86861
  1.88237  -5.78209 -16.87291
  1.88536  -5.76325 -16.87920
  1.88895  -5.74379 -16.88483
  1.89264  -5.72692 -16.89205
  1.89585  -5.70684 -16.89944
  1.89775  -5.68841 -16.90707
  1.90086  -5.66984 -16.91460
  1.90298  -5.65007 -16.91811
  1.90492  -5.62916 -16.92261
  1.90640  -5.60735 -16.92673
  1.90780  -5.58663 -16.93082
  1.90996  -5.56576 -16.93364
  1.91210  -5.54563 -16.93588
  1.91337  -5.52542 -16.93890
  1.91569  -5.50603 -16.93988
  1.91758  -5.48660 -16.94459
  1.91926  -5.46632 -16.94922
  1.92167  -5.44540 -16.95419
  1.92278  -5.42518 -16.95821
  1.92220  -5.40558 -16.96313
  1.92280  -5.38664 -16.96848
  1.92499  -5.36691 -16.97218
  1.92627  -5.34645 -16.97558
  1.92771  -5.32744 -16.98010
  1.92907  -5.30846 -16.98453
  1.93059  -5.28967 -16.98876
  1.93120  -5.27125 -16.99595
  1.93164  -5.25274 -17.00261
  1.93365  -5.23475 -17.00619
  1.93466  -5.21660 -17.01247
  1.93617  -5.19779 -17.01937
  1.93815  -5.17820 -17.02181
  1.93951  -5.15987 -17.02726
  1.94105  -5.14118 -17.03164
  1.94263  -5.12233 -17.03974
  1.94283  -5.10368 -17.04709
  1.94294  -5.08555 -17.05433
  1.94406  -5.06537 -17.05967
  1.94431  -5.04619 -17.06435
  1.94422  -5.02534 -17.07040
  1.94540  -5.00481 -17.07619
  1.94678  -4.98703 -17.07844
  1.94585  -4.96887 -17.08361
  1.94633  -4.95150 -17.08414
  1.94678  -4.93333 -17.08637
  1.94752  -4.91546 -17.08870
  1.94711  -4.89774 -17.09154
  1.94718  -4.88117 -17.09416
  1.94741  -4.86277 -17.09827
  1.94880  -4.84464 -17.09930
  1.94881  -4.82694 -17.10340
  1.94841  -4.80865 -17.10604
  1.94819  -4.79190 -17.10963
  1.94925  -4.77442 -17.11197
  1.94863  -4.75783 -17.11378
  1.94894  -4.74050 -17.11548
  1.94801  -4.72396 -17.11953
  1.94850  -4.70628 -17.12280
  1.94885  -4.68903 -17.12552
  1.94668  -4.67311 -17.13120
  1.94524  -4.65608 -17.13498
  1.94395  -4.63947 -17.13810
  1.94262  -4.62336 -17.14124
  1.94258  -4.60718 -17.14401
  1.94268  -4.59020 -17.14575
  1.94132  -4.57368 -17.14840
  1.93916  -4.55679 -17.15261
  1.93835  -4.53981 -17.15772
  1.93814  -4.52283 -17.16159
  1.93635  -4.50589 -17.16811
  1.93380  -4.49004 -17.17353
  1.93271  -4.47282 -17.17947
  1.93216  -4.45544 -17.18687
  1.93130  -4.43876 -17.19375
  1.93074  -4.42083 -17.19887
  1.92950  -4.40372 -17.20552
  1.92897  -4.38705 -17.20902
  1.92917  -4.37023 -17.21343
  1.92825  -4.35341 -17.21820
  1.92586  -4.33808 -17.22311
  1.92682  -4.32203 -17.22449
  1.92664  -4.30578 -17.22884
  1.92622  -4.28991 -17.23390
  1.92540  -4.27459 -17.23949
  1.92421  -4.25936 -17.24403
  1.92464  -4.24210 -17.24815
  1.92359  -4.22649 -17.25640
  1.92216  -4.21186 -17.26068
  1.92042  -4.19758 -17.26695
  1.91921  -4.18228 -17.27264
  1.91882  -4.16798 -17.27441
  1.91724  -4.15408 -17.27796
  1.91601  -4.14020 -17.28384
  1.91512  -4.12635 -17.28542
  1.91395  -4.11186 -17.29099
  1.91140  -4.09795 -17.29760
  1.90872  -4.08324 -17.30364
  1.90600  -4.06846 -17.31567
  1.90279  -4.05545 -17.32477
  1.90038  -4.04064 -17.32724
  1.89861  -4.02583 -17.33145
  1.89620  -4.01045 -17.33576
  1.89357  -3.99570 -17.33828
  1.89067  -3.98065 -17.34391
  1.88761  -3.96619 -17.34859
  1.88488  -3.95190 -17.35393
  1.88127  -3.93820 -17.35979
  1.87891  -3.92406 -17.36619
  1.87640  -3.91051 -17.36943
  1.87347  -3.89704 -17.37391
  1.86985  -3.88394 -17.38330
  1.86720  -3.87113 -17.38935
  1.86450  -3.85902 -17.39438
  1.86071  -3.84563 -17.40182
  1.85749  -3.83313 -17.40590
  1.85610  -3.81805 -17.40810
  1.85351  -3.80380 -17.41053
  1.85072  -3.78973 -17.41432
  1.84760  -3.77478 -17.41627
  1.84370  -3.76120 -17.42239
  1.83955  -3.74874 -17.43336
  1.83592  -3.73645 -17.44184
  1.83178  -3.72395 -17.44908
  1.82758  -3.71203 -17.45548
  1.82347  -3.70043 -17.45789
  1.81865  -3.68910 -17.46513
  1.81483  -3.67607 -17.47027
  1.81021  -3.66448 -17.47928
  1.80543  -3.65331 -17.48426
  1.80091  -3.64207 -17.49118
  1.79570  -3.63377 -17.50316
  1.79133  -3.62548 -17.51428
  1.78721  -3.61621 -17.52459
  1.78224  -3.60801 -17.53518
  1.77758  -3.59982 -17.54481
  1.77379  -3.59206 -17.55350
  1.76929  -3.58434 -17.56691
  1.76539  -3.57662 -17.57576
  1.76047  -3.56968 -17.58441
  1.75631  -3.56128 -17.58890
  1.75121  -3.55526 -17.59871
  1.74510  -3.54852 -17.60720
  1.73927  -3.54251 -17.61582
  1.73385  -3.53629 -17.62408
  1.72846  -3.52830 -17.63300
  1.72292  -3.52261 -17.64147
  1.71717  -3.51536 -17.64753
  1.71074  -3.51194 -17.65603
  1.70528  -3.50542 -17.66148
  1.69947  -3.49952 -17.66747
  1.69294  -3.49266 -17.67587
  1.68694  -3.48714 -17.68550
  1.68132  -3.48215 -17.69562
  1.67444  -3.47749 -17.70349
  1.66901  -3.47265 -17.71304
  1.66305  -3.46909 -17.72371
  1.65706  -3.46545 -17.73355
  1.65173  -3.46076 -17.74019
  1.64525  -3.45729 -17.74772
  1.63861  -3.45336 -17.75449
  1.63221  -3.44824 -17.76121
  1.62649  -3.44540 -17.76937
  1.61986  -3.44149 -17.77620
  1.61385  -3.43906 -17.78291
  1.60732  -3.43619 -17.78885
  1.60138  -3.43414 -17.79553
  1.59361  -3.43079 -17.80002
  1.58629  -3.42791 -17.80356
  1.57861  -3.42564 -17.80699
  1.57062  -3.42149 -17.80884
  1.56376  -3.42070 -17.81149
  1.55595  -3.41814 -17.81328
  1.54873  -3.41641 -17.81550
  1.54129  -3.41413 -17.81884
  1.53446  -3.41136 -17.82142
  1.52731  -3.40987 -17.82196
  1.52023  -3.40861 -17.82465
  1.51267  -3.40829 -17.82626
  1.50600  -3.40572 -17.82646
  1.49990  -3.40405 -17.82850
  1.49352  -3.40265 -17.82988
  1.48706  -3.40040 -17.83011
  1.48044  -3.39995 -17.83231
  1.47429  -3.39929 -17.83275
  1.46809  -3.39856 -17.83188
  1.46150  -3.39622 -17.83333
  1.45480  -3.39573 -17.83569
  1.44873  -3.39575 -17.83627
  1.44234  -3.39470 -17.84046
  1.43638  -3.39397 -17.84626
  1.43071  -3.39183 -17.85028
  1.42535  -3.39187 -17.85559
  1.42004  -3.39231 -17.86089
  1.41453  -3.39219 -17.86546
  1.40888  -3.39367 -17.87063
  1.40303  -3.39392 -17.87402
  1.39693  -3.39529 -17.87938
  1.39073  -3.39517 -17.88614
  1.38418  -3.39519 -17.89066
  1.37798  -3.39754 -17.89835
  1.37216  -3.40058 -17.90615
  1.36536  -3.40338 -17.91442
  1.35856  -3.40484 -17.92418
  1.35132  -3.40745 -17.93207
  1.34499  -3.40997 -17.93993
  1.33838  -3.41186 -17.94700
  1.33147  -3.41493 -17.95188
  1.32441  -3.41758 -17.95648
  1.31693  -3.42048 -17.96226
  1.31022  -3.42291 -17.96704
  1.30323  -3.42693 -17.97108
  1.29582  -3.43023 -17.97738
  1.28812  -3.43374 -17.98013
  1.28055  -3.43714 -17.98384
  1.27327  -3.44063 -17.98794
  1.26640  -3.44494 -17.98911
  1.25962  -3.44945 -17.99246
  1.25078  -3.45295 -17.99253
  1.24341  -3.45734 -17.99413
  1.23678  -3.46085 -17.99594
  1.22933  -3.46353 -17.99800
  1.22128  -3.46631 -17.99791
  1.21415  -3.47040 -18.00011
  1.20670  -3.47459 -18.00115
  1.19989  -3.47843 -18.00107
  1.19263  -3.48269 -18.00330
  1.18519  -3.48547 -18.00260
  1.17799  -3.48860 -18.00308
  1.17141  -3.49204 -18.00463
  1.16448  -3.49555 -18.00604
  1.15766  -3.49976 -18.00721
  1.15041  -3.50307 -18.00878
  1.14374  -3.50596 -18.00965
  1.13713  -3.51048 -18.01031
  1.13069  -3.51466 -18.01155
  1.12374  -3.51811 -18.01648
  1.11610  -3.52181 -18.01841
  1.10848  -3.52519 -18.02243
  1.10132  -3.52859 -18.02548
  1.09316  -3.53119 -18.02800
  1.08546  -3.53388 -18.03064
  1.07718  -3.53597 -18.03301
  1.06848  -3.53903 -18.03534
  1.06105  -3.54325 -18.03792
  1.05244  -3.54595 -18.04050
  1.04491  -3.55015 -18.04463
  1.03657  -3.55326 -18.04720
  1.02862  -3.55651 -18.05055
  1.02124  -3.55965 -18.05436
  1.01309  -3.56256 -18.05841
  1.00475  -3.56558 -18.06102
  0.99652  -3.56888 -18.06415
  0.98948  -3.57317 -18.06791
  0.98145  -3.57677 -18.07042
  0.97363  -3.58020 -18.07278
  0.96613  -3.58402 -18.07631
  0.95840  -3.58730 -18.07895
  0.95038  -3.58971 -18.08257
  0.94241  -3.59044 -18.08489
  0.93456  -3.59302 -18.08905
  0.92696  -3.59572 -18.09322
  0.91968  -3.59901 -18.09612
  0.91224  -3.60234 -18.10028
  0.90386  -3.60307 -18.10562
  0.89634  -3.60418 -18.10950
  0.88901  -3.60701 -18.11477
  0.88215  -3.60822 -18.11988
  0.87444  -3.60990 -18.12450
  0.86725  -3.61048 -18.12912
  0.85994  -3.61286 -18.13524
  0.85243  -3.61380 -18.14080
  0.84499  -3.61424 -18.14579
  0.83727  -3.61591 -18.15060
  0.82989  -3.61830 -18.15381
  0.82198  -3.61981 -18.15844
  0.81485  -3.62130 -18.16362
  0.80679  -3.62244 -18.16869
  0.79930  -3.62424 -18.17467
  0.79151  -3.62507 -18.18046
  0.78414  -3.62603 -18.18531
  0.77668  -3.62605 -18.19069
  0.76884  -3.62615 -18.19478
  0.76232  -3.62771 -18.19942
  0.75423  -3.62914 -18.20439
  0.74630  -3.62934 -18.21016
  0.73945  -3.63076 -18.21566
  0.73242  -3.63102 -18.21999
  0.72496  -3.63202 -18.22514
  0.71710  -3.63191 -18.22994
  0.70934  -3.63154 -18.23458
  0.70242  -3.63091 -18.23935
  0.69497  -3.63083 -18.24366
  0.68817  -3.63070 -18.24866
  0.68000  -3.62960 -18.25437
  0.67204  -3.63121 -18.25684
  0.66509  -3.63224 -18.25904
  0.65798  -3.63379 -18.26159
  0.65085  -3.63369 -18.26478
  0.64339  -3.63454 -18.26737
  0.63559  -3.63506 -18.26896
  0.62830  -3.63598 -18.27182
  0.62112  -3.63632 -18.27399
  0.61350  -3.63685 -18.27658
  0.60620  -3.63765 -18.27947
  0.59862  -3.63778 -18.28226
  0.59022  -3.63792 -18.28577
  0.58172  -3.63768 -18.28968
  0.57376  -3.63748 -18.29322
  0.56538  -3.63806 -18.29686
  0.55767  -3.63887 -18.30088
  0.54972  -3.63872 -18.30497
  0.54207  -3.63836 -18.30811
  0.53404  -3.63773 -18.31202
  0.52606  -3.63687 -18.31745
  0.51846  -3.63610 -18.32152
  0.51141  -3.63602 -18.32645
  0.50383  -3.63514 -18.32927
  0.49644  -3.63533 -18.33311
  0.48839  -3.63487 -18.33611
  0.48080  -3.63441 -18.34002
  0.47303  -3.63211 -18.34464
  0.46550  -3.63101 -18.34942
  0.45834  -3.63031 -18.35191
  0.45093  -3.63028 -18.35689
  0.44294  -3.62949 -18.36012
  0.43561  -3.62805 -18.36509
  0.42813  -3.62692 -18.36860
  0.41998  -3.62515 -18.37295
  0.41218  -3.62448 -18.37616
  0.40493  -3.62404 -18.38042
  0.39762  -3.62255 -18.38581
  0.39037  -3.62213 -18.39108
  0.38315  -3.62070 -18.39663
  0.37645  -3.62062 -18.40077
  0.36854  -3.61847 -18.40488
  0.36089  -3.61643 -18.40849
  0.35443  -3.61456 -18.41244
  0.34752  -3.61371 -18.41692
  0.34111  -3.61307 -18.42257
  0.33460  -3.61250 -18.42693
  0.32718  -3.61123 -18.43282
  0.32048  -3.60990 -18.43832
  0.31414  -3.60657 -18.44334
  0.30804  -3.60413 -18.44803
  0.30201  -3.60153 -18.45255
  0.29579  -3.59891 -18.45796
  0.28934  -3.59585 -18.46255
  0.28332  -3.59271 -18.46574
  0.27669  -3.58992 -18.47039
  0.27049  -3.58759 -18.47584
  0.26436  -3.58486 -18.48143
  0.25836  -3.58304 -18.48594
  0.25228  -3.58031 -18.48935
  0.24658  -3.57662 -18.49421
  0.24042  -3.57411 -18.49829
  0.23423  -3.57107 -18.50261
  0.22819  -3.56908 -18.50565
  0.22185  -3.56458 -18.50759
  0.21545  -3.56044 -18.50796
  0.20976  -3.55606 -18.50850
  0.20353  -3.55071 -18.51159
  0.19721  -3.54724 -18.51369
  0.19002  -3.54321 -18.51669
  0.18330  -3.53950 -18.52017
  0.17732  -3.53539 -18.52284
  0.17116  -3.53193 -18.52667
  0.16453  -3.52746 -18.53120
  0.15784  -3.52447 -18.53613
  0.15140  -3.52067 -18.54207
  0.14479  -3.51690 -18.54749
  0.13805  -3.51366 -18.55326
  0.13146  -3.50979 -18.55765
  0.12451  -3.50563 -18.56150
  0.11788  -3.50289 -18.56592
  0.11192  -3.49875 -18.57025
  0.10537  -3.49567 -18.57504
  0.09929  -3.49180 -18.58005
  0.09293  -3.48820 -18.58405
  0.08638  -3.48499 -18.58987
  0.08012  -3.48159 -18.59591
  0.07396  -3.47778 -18.59895
  0.06730  -3.47478 -18.60577
  0.06133  -3.47097 -18.61013
  0.05519  -3.46787 -18.61555
  0.04947  -3.46502 -18.62097
  0.04365  -3.46202 -18.62590
  0.03764  -3.45950 -18.63072
  0.03191  -3.45672 -18.63619
  0.02615  -3.45256 -18.64010
  0.02050  -3.45000 -18.64567
  0.01473  -3.44765 -18.65042
  0.00839  -3.44506 -18.65614
  0.00237  -3.44271 -18.66173
 -0.00398  -3.44012 -18.66593
 -0.00989  -3.43740 -18.67049
 -0.01575  -3.43496 -18.67540
 -0.02209  -3.43148 -18.67799
 -0.02840  -3.42830 -18.68074
 -0.03370  -3.42474 -18.68448
 -0.03905  -3.41955 -18.68592
 -0.04420  -3.41487 -18.68783
 -0.04963  -3.41063 -18.69076
 -0.05523  -3.40543 -18.69179
 -0.06090  -3.40076 -18.69411
 -0.06660  -3.39626 -18.69535
 -0.07294  -3.39252 -18.69699
 -0.07836  -3.38817 -18.69804
 -0.08393  -3.38424 -18.69948
 -0.08945  -3.38051 -18.69985
 -0.09478  -3.37642 -18.70048
 -0.10006  -3.37224 -18.70212
 -0.10562  -3.36741 -18.70455
 -0.11151  -3.36245 -18.70812
 -0.11693  -3.35849 -18.70787
 -0.12277  -3.35402 -18.70876
 -0.12817  -3.35018 -18.70775
 -0.13335  -3.34815 -18.71049
 -0.13824  -3.34504 -18.71379
 -0.14339  -3.34287 -18.71680
 -0.14848  -3.33972 -18.72045
 -0.15435  -3.33625 -18.72393
 -0.15947  -3.33391 -18.72840
 -0.16436  -3.33003 -18.73004
 -0.16959  -3.32736 -18.73514
 -0.17444  -3.32435 -18.73830
 -0.17947  -3.32194 -18.74080
 -0.18476  -3.31976 -18.74395
 -0.18978  -3.31683 -18.74672
 -0.19498  -3.31421 -18.75010
 -0.20020  -3.31198 -18.75350
 -0.20469  -3.30888 -18.75510
 -0.20934  -3.30628 -18.75725
 -0.21418  -3.30443 -18.76081
 -0.21860  -3.30135 -18.76163
 -0.22399  -3.29950 -18.76575
 -0.22871  -3.29575 -18.76629
 -0.23358  -3.29362 -18.76946
 -0.23863  -3.29134 -18.77110
 -0.24394  -3.28910 -18.77338
 -0.24878  -3.28666 -18.77648
 -0.25358  -3.28441 -18.77791
 -0.25871  -3.28188 -18.78058
 -0.26359  -3.27867 -18.78177
 -0.26796  -3.27655 -18.78339
 -0.27262  -3.27419 -18.78553
 -0.27779  -3.27227 -18.78883
 -0.28236  -3.27036 -18.79114
 -0.28718  -3.26810 -18.79105
 -0.29247  -3.26561 -18.79328
 -0.29720  -3.26375 -18.79599
 -0.30190  -3.26130 -18.79615
 -0.30674  -3.25948 -18.79863
 -0.31130  -3.25742 -18.79959
 -0.31602  -3.25612 -18.80064
 -0.32117  -3.25423 -18.80269
 -0.32555  -3.25224 -18.80362
 -0.33038  -3.24992 -18.80489
 -0.33510  -3.24842 -18.80494
 -0.33929  -3.24674 -18.80590
 -0.34396  -3.24435 -18.80671
 -0.34875  -3.24022 -18.80390
 -0.35343  -3.23659 -18.80061
 -0.35818  -3.23299 -18.79827
 -0.36232  -3.22951 -18.79517
 -0.36758  -3.22539 -18.79184
 -0.37179  -3.22184 -18.78990
 -0.37678  -3.21832 -18.78732
 -0.38085  -3.21527 -18.78477
 -0.38539  -3.21233 -18.78192
 -0.38973  -3.20951 -18.78106
 -0.39429  -3.20593 -18.77729
 -0.39879  -3.20364 -18.77587
 -0.40319  -3.20061 -18.77446
 -0.40713  -3.19825 -18.77199
 -0.41105  -3.19604 -18.77077
 -0.41516  -3.19381 -18.76884
 -0.41899  -3.19140 -18.76588
 -0.42366  -3.18881 -18.76334
 -0.42803  -3.18677 -18.76113
 -0.43295  -3.18597 -18.75726
 -0.43772  -3.18542 -18.75323
 -0.44213  -3.18556 -18.75139
 -0.44710  -3.18482 -18.74747
 -0.45186  -3.18415 -18.74382
 -0.45658  -3.18366 -18.73931
 -0.46153  -3.18144 -18.73349
 -0.46600  -3.18068 -18.72955
 -0.47129  -3.17929 -18.72442
 -0.47646  -3.17757 -18.71896
 -0.48110  -3.17613 -18.71364
 -0.48600  -3.17507 -18.70862
 -0.49096  -3.17356 -18.70221
 -0.49529  -3.17239 -18.69755
 -0.49987  -3.17183 -18.69232
 -0.50377  -3.17102 -18.68698
 -0.50849  -3.16974 -18.68046
 -0.51303  -3.16826 -18.67535
 -0.51746  -3.16717 -18.66981
 -0.52176  -3.16622 -18.66468
 -0.52643  -3.16519 -18.65870
 -0.53131  -3.16414 -18.65274
 -0.53590  -3.16244 -18.64739
 -0.54050  -3.16113 -18.64102
 -0.54513  -3.16128 -18.63681
 -0.54965  -3.16118 -18.63281
 -0.55395  -3.16037 -18.62851
 -0.55819  -3.16024 -18.62390
 -0.56262  -3.16018 -18.62116
 -0.56679  -3.15959 -18.61723
 -0.57093  -3.15928 -18.61282
 -0.57512  -3.15840 -18.60907
 -0.57931  -3.15815 -18.60444
 -0.58377  -3.15803 -18.60048
 -0.58877  -3.15749 -18.59432
 -0.59371  -3.15728 -18.58781
 -0.59832  -3.15653 -18.58145
 -0.60297  -3.15655 -18.57591
 -0.60744  -3.15681 -18.57094
 -0.61188  -3.15640 -18.56498
 -0.61603  -3.15607 -18.55853
 -0.62021  -3.15631 -18.55296
 -0.62462  -3.15655 -18.54722
 -0.62932  -3.15621 -18.54147
 -0.63403  -3.15527 -18.53426
 -0.63848  -3.15443 -18.52705
 -0.64302  -3.15414 -18.52093
 -0.64764  -3.15315 -18.51371
 -0.65189  -3.15259 -18.50703
 -0.65657  -3.15211 -18.50012
 -0.66085  -3.15169 -18.49357
 -0.66481  -3.15133 -18.48761
 -0.66937  -3.15157 -18.48041
 -0.67354  -3.15133 -18.47435
 -0.67745  -3.15113 -18.46728
 -0.68129  -3.15086 -18.46179
 -0.68465  -3.15043 -18.45569
 -0.68915  -3.14961 -18.44930
 -0.69308  -3.14924 -18.44250
 -0.69718  -3.14900 -18.43631
 -0.70093  -3.14874 -18.43026
 -0.70468  -3.14825 -18.42382
 -0.70845  -3.14903 -18.41879
 -0.71207  -3.14957 -18.41272
 -0.71558  -3.14958 -18.40574
 -0.71894  -3.14996 -18.39778
 -0.72251  -3.15081 -18.38892
 -0.72598  -3.15197 -18.37964
 -0.72939  -3.15262 -18.37058
 -0.73314  -3.15320 -18.36247
 -0.73675  -3.15412 -18.35270
 -0.73986  -3.15478 -18.34409
 -0.74309  -3.15527 -18.33461
 -0.74659  -3.15614 -18.32953
 -0.75020  -3.15659 -18.32231
 -0.75392  -3.15736 -18.31583
 -0.75787  -3.15778 -18.30894
 -0.76145  -3.15935 -18.30279
 -0.76556  -3.15978 -18.29530
 -0.76893  -3.16154 -18.28856
 -0.77292  -3.16206 -18.28147
 -0.77698  -3.16240 -18.27459
 -0.78118  -3.16271 -18.26713
 -0.78498  -3.16355 -18.26087
 -0.78927  -3.16412 -18.25384
 -0.79276  -3.16497 -18.24682
 -0.79613  -3.16533 -18.23933
 -0.80000  -3.16607 -18.23261
 -0.80377  -3.16781 -18.22593
 -0.80706  -3.16885 -18.21940
 -0.81060  -3.17037 -18.21281
 -0.81420  -3.17222 -18.20535
 -0.81791  -3.17304 -18.19759
 -0.82125  -3.17520 -18.19026
 -0.82564  -3.17552 -18.18299
 -0.82950  -3.17692 -18.17585
 -0.83388  -3.17749 -18.16736
 -0.83755  -3.17898 -18.16078
 -0.84143  -3.17976 -18.15267
 -0.84503  -3.18115 -18.14604
 -0.84896  -3.18176 -18.13897
 -0.85298  -3.18228 -18.13143
 -0.85689  -3.18279 -18.12349
 -0.86121  -3.18370 -18.11683
 -0.86521  -3.18425 -18.10799
 -0.86917  -3.18596 -18.10184
 -0.87314  -3.18635 -18.09460
 -0.87711  -3.18690 -18.08744
 -0.88080  -3.18728 -18.08028
 -0.88489  -3.18844 -18.07294
 -0.88910  -3.18989 -18.06403
 -0.89253  -3.19159 -18.05643
 -0.89670  -3.19057 -18.05009
 -0.90079  -3.19012 -18.04437
 -0.90494  -3.19032 -18.03997
 -0.90942  -3.19062 -18.03522
 -0.91356  -3.19040 -18.03051
 -0.91753  -3.19037 -18.02545
 -0.92179  -3.19089 -18.02048
 -0.92570  -3.19085 -18.01504
 -0.92982  -3.18993 -18.00986
 -0.93412  -3.19045 -18.00558
 -0.93830  -3.19020 -18.00010
 -0.94276  -3.18986 -17.99496
 -0.94720  -3.18975 -17.98998
 -0.95101  -3.18925 -17.98461
 -0.95562  -3.18893 -17.98018
 -0.95954  -3.18912 -17.97522
 -0.96334  -3.18918 -17.97026
 -0.96757  -3.18932 -17.96598
 -0.97139  -3.18940 -17.96176
 -0.97538  -3.18937 -17.95736
 -0.97954  -3.18926 -17.95306
 -0.98394  -3.18932 -17.94865
 -0.98879  -3.18848 -17.94379
 -0.99291  -3.18934 -17.94037
 -0.99701  -3.19021 -17.93630
 -1.00176  -3.19002 -17.93195
 -1.00655  -3.18964 -17.92758
 -1.01101  -3.18953 -17.92348
 -1.01523  -3.18966 -17.91887
 -1.01962  -3.18869 -17.91470
 -1.02413  -3.18842 -17.91142
 -1.02884  -3.18788 -17.90746
 -1.03337  -3.18740 -17.90313
 -1.03752  -3.18701 -17.89947
 -1.04202  -3.18663 -17.89565
 -1.04605  -3.18740 -17.89194
 -1.05047  -3.18750 -17.88761
 -1.05512  -3.18643 -17.88477
 -1.05954  -3.18710 -17.88236
 -1.06460  -3.18640 -17.87875
 -1.06927  -3.18548 -17.87621
 -1.07361  -3.18516 -17.87198
 -1.07811  -3.18449 -17.86876
 -1.08267  -3.18436 -17.86577
 -1.08704  -3.18413 -17.86248
 -1.09155  -3.18440 -17.85942
 -1.09648  -3.18491 -17.85646
 -1.10092  -3.18428 -17.85352
 -1.10566  -3.18392 -17.85136
 -1.10977  -3.18355 -17.84854
 -1.11450  -3.18247 -17.84678
 -1.11919  -3.18278 -17.84464
 -1.12378  -3.18243 -17.84209
 -1.12805  -3.18188 -17.83891
 -1.13244  -3.18146 -17.83654
 -1.13693  -3.18031 -17.83436
 -1.14134  -3.18053 -17.82982
 -1.14636  -3.17970 -17.82677
 -1.15125  -3.17920 -17.82399
 -1.15635  -3.17882 -17.82141
 -1.16129  -3.17908 -17.81888
 -1.16601  -3.17826 -17.81620
 -1.17033  -3.17759 -17.81375
 -1.17499  -3.17808 -17.81093
 -1.17996  -3.17932 -17.80847
 -1.18473  -3.17968 -17.80671
 -1.18943  -3.17935 -17.80392
 -1.19417  -3.17912 -17.80067
 -1.19916  -3.17890 -17.79857
 -1.20495  -3.17943 -17.79828
 -1.21023  -3.17980 -17.79822
 -1.21561  -3.17991 -17.79753
 -1.22113  -3.18011 -17.79738
 -1.22712  -3.17952 -17.79804
 -1.23320  -3.18004 -17.79832
 -1.23901  -3.18040 -17.79907
 -1.24456  -3.17994 -17.79978
 -1.25015  -3.18006 -17.80075
 -1.25599  -3.17991 -17.80115
 -1.26164  -3.18023 -17.80259
 -1.26744  -3.18020 -17.80336
 -1.27278  -3.18046 -17.80490
 -1.27891  -3.18048 -17.80663
 -1.28488  -3.18066 -17.80843
 -1.29104  -3.18139 -17.81103
 -1.29686  -3.18141 -17.81319
 -1.30343  -3.18198 -17.81594
 -1.30964  -3.18182 -17.81686
 -1.31618  -3.18148 -17.81922
 -1.32233  -3.18161 -17.82164
 -1.32854  -3.18211 -17.82384
 -1.33471  -3.18244 -17.82616
 -1.34120  -3.18288 -17.82737
 -1.34753  -3.18291 -17.82962
 -1.35388  -3.18319 -17.83233
 -1.35982  -3.18372 -17.83554
 -1.36580  -3.18385 -17.83840
 -1.37208  -3.18436 -17.84115
 -1.37833  -3.18442 -17.84451
 -1.38433  -3.18471 -17.84615
 -1.39116  -3.18504 -17.84786
 -1.39727  -3.18536 -17.85110
 -1.40294  -3.18563 -17.85382
 -1.40915  -3.18647 -17.85721
 -1.41572  -3.18654 -17.86044
 -1.42218  -3.18679 -17.86327
 -1.42879  -3.18741 -17.86719
 -1.43504  -3.18721 -17.87033
 -1.44167  -3.18806 -17.87428
 -1.44804  -3.18849 -17.87726
 -1.45485  -3.18892 -17.88089
 -1.46179  -3.18998 -17.88508
 -1.46815  -3.18989 -17.88726
 -1.47462  -3.19119 -17.89233
 -1.48135  -3.19144 -17.89598
 -1.48821  -3.19234 -17.90193
 -1.49498  -3.19308 -17.90605
 -1.50165  -3.19378 -17.91011
 -1.50850  -3.19429 -17.91480
 -1.51445  -3.19563 -17.91693
 -1.52062  -3.19704 -17.91916
 -1.52673  -3.19808 -17.92219
 -1.53271  -3.19962 -17.92419
 -1.53901  -3.20101 -17.92596
 -1.54516  -3.20197 -17.92872
 -1.55154  -3.20285 -17.93203
 -1.55779  -3.20447 -17.93486
 -1.56382  -3.20586 -17.93725
 -1.57023  -3.20700 -17.94010
 -1.57616  -3.20803 -17.94336
 -1.58268  -3.20947 -17.94504
 -1.58916  -3.21145 -17.94775
 -1.59569  -3.21364 -17.94992
 -1.60188  -3.21525 -17.95189
 -1.60829  -3.21648 -17.95347
 -1.61470  -3.21844 -17.95464
 -1.62126  -3.21888 -17.95503
 -1.62768  -3.21953 -17.95526
 -1.63419  -3.21971 -17.95497
 -1.64052  -3.22041 -17.95570
 -1.64705  -3.22153 -17.95684
 -1.65327  -3.22208 -17.95778
 -1.65980  -3.22293 -17.95913
 -1.66666  -3.22338 -17.96067
 -1.67333  -3.22385 -17.96170
 -1.67967  -3.22492 -17.96391
 -1.68639  -3.22648 -17.96624
 -1.69312  -3.22765 -17.96765
 -1.69978  -3.22898 -17.96958
 -1.70675  -3.23079 -17.97164
 -1.71343  -3.23161 -17.97543
 -1.71991  -3.23265 -17.97861
 -1.72660  -3.23336 -17.98281
 -1.73351  -3.23396 -17.98670
 -1.73989  -3.23509 -17.99031
 -1.74696  -3.23694 -17.99561
 -1.75408  -3.23874 -18.00083
 -1.76100  -3.24006 -18.00604
 -1.76787  -3.24149 -18.01150
 -1.77471  -3.24298 -18.01681
 -1.78141  -3.24470 -18.02165
 -1.78808  -3.24634 -18.02618
 -1.79467  -3.24795 -18.03003
 -1.80102  -3.24937 -18.03454
 -1.80776  -3.25094 -18.04008
 -1.81443  -3.25263 -18.04446
 -1.82219  -3.25418 -18.05092
 -1.83027  -3.25589 -18.05814
 -1.83758  -3.25750 -18.06652
 -1.84509  -3.25846 -18.07303
 -1.85290  -3.25966 -18.08014
 -1.86049  -3.26087 -18.08755
 -1.86772  -3.26282 -18.09528
 -1.87505  -3.26449 -18.10191
 -1.88241  -3.26601 -18.10861
 -1.88987  -3.26742 -18.11549
 -1.89719  -3.26888 -18.12172
 -1.90439  -3.27019 -18.12791
 -1.91194  -3.27233 -18.13448
 -1.91950  -3.27411 -18.14057
 -1.92676  -3.27539 -18.14707
 -1.93402  -3.27682 -18.15408
 -1.94135  -3.27831 -18.15977
 -1.94852  -3.28019 -18.16610
 -1.95598  -3.28241 -18.17259
 -1.96344  -3.28500 -18.17945
 -1.97057  -3.28696 -18.18614
 -1.97805  -3.28915 -18.19285
 -1.98585  -3.29136 -18.19900
 -1.99339  -3.29350 -18.20540
 -2.00076  -3.29540 -18.21112
 -2.00804  -3.29771 -18.21767
 -2.01552  -3.29959 -18.22316
 -2.02310  -3.30200 -18.22900
 -2.03030  -3.30416 -18.23474
 -2.03767  -3.30583 -18.23980
 -2.04445  -3.30711 -18.24336
 -2.05102  -3.30836 -18.24615
 -2.05812  -3.31017 -18.24957
 -2.06508  -3.31195 -18.25256
 -2.07179  -3.31361 -18.25496
 -2.07906  -3.31497 -18.25778
 -2.08558  -3.31664 -18.26062
 -2.09241  -3.31826 -18.26360
 -2.09948  -3.32042 -18.26652
 -2.10622  -3.32215 -18.26865
 -2.11253  -3.32428 -18.27116
 -2.11893  -3.32568 -18.27327
 -2.12534  -3.32776 -18.27523
 -2.13185  -3.32994 -18.27659
 -2.13796  -3.33179 -18.27781
 -2.14495  -3.33420 -18.27909
 -2.15116  -3.33597 -18.27968
 -2.15789  -3.33774 -18.28051
 -2.16447  -3.33955 -18.28072
 -2.17057  -3.34115 -18.28029
 -2.17738  -3.34329 -18.28069
 -2.18458  -3.34482 -18.28216
 -2.19198  -3.34750 -18.28412
 -2.19857  -3.34996 -18.28521
 -2.20537  -3.35208 -18.28608
 -2.21252  -3.35402 -18.28721
 -2.21943  -3.35577 -18.28682
 -2.22586  -3.35731 -18.28759
 -2.23277  -3.35927 -18.28891
 -2.23976  -3.36181 -18.28862
 -2.24636  -3.36398 -18.28904
 -2.25279  -3.36558 -18.28890
 -2.25959  -3.36701 -18.28789
 -2.26590  -3.36885 -18.28840
 -2.27230  -3.37122 -18.28793
 -2.27861  -3.37365 -18.28832
 -2.28484  -3.37674 -18.28865
 -2.29134  -3.37926 -18.28934
 -2.29728  -3.38209 -18.29006
 -2.30283  -3.38448 -18.29092
 -2.30903  -3.38732 -18.29125
 -2.31490  -3.38982 -18.29089
 -2.32073  -3.39303 -18.29186
 -2.32658  -3.39607 -18.29269
 -2.33268  -3.39865 -18.29308
 -2.33814  -3.40167 -18.29358
 -2.34386  -3.40418 -18.29343
 -2.34957  -3.40718 -18.29383
 -2.35541  -3.40980 -18.29441
 -2.36052  -3.41294 -18.29384
 -2.36582  -3.41615 -18.29359
 -2.37155  -3.41894 -18.29370
 -2.37677  -3.42217 -18.29208
 -2.38171  -3.42355 -18.28931
 -2.38668  -3.42479 -18.28550
 -2.39140  -3.42656 -18.28246
 -2.39666  -3.42855 -18.27941
 -2.40207  -3.43087 -18.27650
 -2.40722  -3.43259 -18.27237
 -2.41227  -3.43461 -18.26872
 -2.41721  -3.43648 -18.26554
 -2.42195  -3.43860 -18.26062
 -2.42689  -3.44105 -18.25654
 -2.43180  -3.44388 -18.25213
 -2.43676  -3.44669 -18.24752
 -2.44147  -3.44910 -18.24351
 -2.44575  -3.45196 -18.23950
 -2.44989  -3.45512 -18.23564
 -2.45463  -3.45802 -18.23063
 -2.45896  -3.46089 -18.22465
 -2.46354  -3.46378 -18.22047
 -2.46763  -3.46712 -18.21569
 -2.47168  -3.47035 -18.21189
 -2.47553  -3.47392 -18.20730
 -2.47973  -3.47724 -18.20348
 -2.48415  -3.48095 -18.19894
 -2.48804  -3.48435 -18.19467
 -2.49213  -3.48764 -18.19029
 -2.49609  -3.49142 -18.18544
 -2.50013  -3.49498 -18.18032
 -2.50380  -3.49809 -18.17538
 -2.50768  -3.50173 -18.16974
 -2.51147  -3.50539 -18.16527
 -2.51508  -3.50885 -18.15958
 -2.51882  -3.51238 -18.15413
 -2.52213  -3.51614 -18.14751
 -2.52592  -3.51952 -18.14201
 -2.52979  -3.52223 -18.13663
 -2.53366  -3.52417 -18.13274
 -2.53707  -3.52692 -18.12788
 -2.54077  -3.52938 -18.12325
 -2.54416  -3.53196 -18.11762
 -2.54736  -3.53472 -18.11153
 -2.55131  -3.53713 -18.10567
 -2.55446  -3.53955 -18.09943
 -2.55797  -3.54174 -18.09376
 -2.56139  -3.54404 -18.08851
 -2.56465  -3.54701 -18.08211
 -2.56803  -3.54907 -18.07653
 -2.57107  -3.55122 -18.07092
 -2.57390  -3.55384 -18.06447
 -2.57750  -3.55642 -18.05936
 -2.58057  -3.55892 -18.05329
 -2.58348  -3.56131 -18.04650
 -2.58623  -3.56401 -18.03927
 -2.58954  -3.56624 -18.03208
 -2.59295  -3.56884 -18.02506
 -2.59578  -3.57111 -18.01818
 -2.59857  -3.57333 -18.01081
 -2.60176  -3.57550 -18.00335
 -2.60394  -3.57844 -17.99868
 -2.60641  -3.58129 -17.99322
 -2.60877  -3.58479 -17.98717
 -2.61104  -3.58758 -17.98149
 -2.61324  -3.59096 -17.97670
 -2.61581  -3.59415 -17.97039
 -2.61792  -3.59718 -17.96448
 -2.62067  -3.60052 -17.95645
 -2.62309  -3.60443 -17.94971
 -2.62509  -3.60786 -17.94277
 -2.62722  -3.61145 -17.93522
 -2.62937  -3.61437 -17.92681
 -2.63127  -3.61852 -17.91931
 -2.63354  -3.62184 -17.91262
 -2.63580  -3.62537 -17.90571
 -2.63778  -3.62852 -17.89914
 -2.63931  -3.63210 -17.89151
 -2.64105  -3.63559 -17.88467
 -2.64253  -3.63938 -17.87662
 -2.64431  -3.64311 -17.87016
 -2.64552  -3.64604 -17.86271
 -2.64699  -3.64905 -17.85498
 -2.64869  -3.65217 -17.84751
 -2.65031  -3.65533 -17.84024
 -2.65205  -3.65886 -17.83279
 -2.65330  -3.66186 -17.82571
 -2.65434  -3.66430 -17.81917
 -2.65516  -3.66744 -17.81320
 -2.65622  -3.67064 -17.80776
 -2.65715  -3.67358 -17.80131
 -2.65818  -3.67635 -17.79443
 -2.65928  -3.67897 -17.78850
 -2.65997  -3.68231 -17.78286
 -2.66080  -3.68511 -17.77644
 -2.66176  -3.68836 -17.77029
 -2.66268  -3.69135 -17.76397
 -2.66336  -3.69423 -17.75627
 -2.66445  -3.69698 -17.74950
 -2.66543  -3.69966 -17.74254
 -2.66603  -3.70173 -17.73551
 -2.66642  -3.70430 -17.72922
 -2.66704  -3.70763 -17.72260
 -2.66805  -3.71040 -17.71590
 -2.66854  -3.71218 -17.70802
 -2.66852  -3.71494 -17.69975
 -2.66851  -3.71751 -17.69150
 -2.66850  -3.71948 -17.68320
 -2.66832  -3.72143 -17.67519
 -2.66815  -3.72355 -17.66732
 -2.66753  -3.72638 -17.66027
 -2.66718  -3.72845 -17.65253
 -2.66722  -3.73032 -17.64418
 -2.66691  -3.73242 -17.63545
 -2.66647  -3.73489 -17.62626
 -2.66615  -3.73693 -17.61836
 -2.66526  -3.73851 -17.61030
 -2.66482  -3.74066 -17.60257
 -2.66465  -3.74269 -17.59342
 -2.66410  -3.74429 -17.58525
 -2.66300  -3.74664 -17.57635
 -2.66232  -3.74813 -17.56774
 -2.66173  -3.75075 -17.56102
 -2.66156  -3.75372 -17.55508
 -2.66089  -3.75675 -17.54782
 -2.66060  -3.75892 -17.54154
 -2.65967  -3.76141 -17.53538
 -2.65904  -3.76350 -17.52839
 -2.65834  -3.76611 -17.52134
 -2.65738  -3.76870 -17.51443
 -2.65669  -3.77131 -17.50879
 -2.65572  -3.77442 -17.50291
 -2.65487  -3.77729 -17.49639
 -2.65392  -3.78013 -17.49073
 -2.65349  -3.78236 -17.48376
 -2.65287  -3.78450 -17.47785
 -2.65208  -3.78627 -17.47031
 -2.65082  -3.78951 -17.46428
 -2.64938  -3.79220 -17.45809
 -2.64863  -3.79424 -17.45135
 -2.64780  -3.79664 -17.44486
 -2.64668  -3.79884 -17.43879
 -2.64557  -3.80085 -17.43237
 -2.64468  -3.80330 -17.42618
 -2.64320  -3.80639 -17.42125
 -2.64177  -3.80863 -17.41536
 -2.64054  -3.81063 -17.40890
 -2.63931  -3.81323 -17.40228
 -2.63842  -3.81507 -17.39728
 -2.63716  -3.81637 -17.39257
 -2.63607  -3.81829 -17.38849
 -2.63480  -3.81938 -17.38349
 -2.63355  -3.82053 -17.37917
 -2.63247  -3.82194 -17.37459
 -2.63136  -3.82293 -17.37128
 -2.63004  -3.82495 -17.36680
 -2.62886  -3.82578 -17.36282
 -2.62788  -3.82679 -17.35833
 -2.62640  -3.82795 -17.35457
 -2.62492  -3.83015 -17.35102
 -2.62384  -3.83121 -17.34783
 -2.62250  -3.83228 -17.34300
 -2.62096  -3.83343 -17.33876
 -2.61957  -3.83450 -17.33512
 -2.61792  -3.83515 -17.33180
 -2.61650  -3.83696 -17.32875
 -2.61497  -3.83771 -17.32398
 -2.61367  -3.83876 -17.31893
 -2.61199  -3.84002 -17.31381
 -2.61097  -3.84078 -17.31031
 -2.60943  -3.84219 -17.30605
 -2.60800  -3.84305 -17.30065
 -2.60641  -3.84450 -17.29712
 -2.60501  -3.84491 -17.29324
 -2.60363  -3.84604 -17.29048
 -2.60182  -3.84692 -17.28691
 -2.60022  -3.84818 -17.28425
 -2.59851  -3.84862 -17.27987
 -2.59719  -3.84933 -17.27690
 -2.59563  -3.84999 -17.27335
 -2.59393  -3.85050 -17.26987
 -2.59243  -3.85133 -17.26654
 -2.59113  -3.85205 -17.26259
 -2.58966  -3.85296 -17.25939
 -2.58820  -3.85401 -17.25557
 -2.58668  -3.85468 -17.25234
 -2.58542  -3.85499 -17.24965
 -2.58409  -3.85533 -17.24595
 -2.58201  -3.85564 -17.24336
 -2.58054  -3.85621 -17.24162
 -2.57903  -3.85736 -17.23863
 -2.57733  -3.85829 -17.23647
 -2.57578  -3.85917 -17.23457
 -2.57439  -3.85985 -17.23150
 -2.57305  -3.86041 -17.22762
 -2.57194  -3.86071 -17.22600
 -2.57066  -3.86165 -17.22417
 -2.56938  -3.86226 -17.22227
 -2.56734  -3.86279 -17.21920
 -2.56588  -3.86361 -17.21686
 -2.56418  -3.86417 -17.21416
 -2.56217  -3.86480 -17.21064
 -2.56034  -3.86562 -17.20841
 -2.55862  -3.86643 -17.20603
 -2.55700  -3.86707 -17.20393
 -2.55567  -3.86754 -17.20292
 -2.55444  -3.86774 -17.20171
 -2.55282  -3.86819 -17.20006
 -2.55167  -3.86777 -17.19744
 -2.55074  -3.86687 -17.19613
 -2.55006  -3.86621 -17.19435
 -2.54911  -3.86481 -17.19162
 -2.54797  -3.86381 -17.18989
 -2.54683  -3.86330 -17.18813
 -2.54567  -3.86252 -17.18462
 -2.54512  -3.86153 -17.18247
 -2.54467  -3.86090 -17.18000
 -2.54410  -3.86032 -17.17812
 -2.54348  -3.85978 -17.17599
 -2.54296  -3.85920 -17.17334
 -2.54226  -3.85889 -17.17055
 -2.54154  -3.85802 -17.16903
 -2.54030  -3.85786 -17.16531
 -2.53922  -3.85794 -17.16330
 -2.53796  -3.85723 -17.16033
 -2.53676  -3.85648 -17.15763
 -2.53599  -3.85588 -17.15610
 -2.53523  -3.85535 -17.15421
 -2.53454  -3.85550 -17.15381
 -2.53382  -3.85480 -17.15284
 -2.53257  -3.85439 -17.15194
 -2.53182  -3.85368 -17.15176
 -2.53090  -3.85307 -17.15026
 -2.52985  -3.85251 -17.14886
 -2.52859  -3.85166 -17.14944
 -2.52751  -3.85060 -17.14901
 -2.52647  -3.84964 -17.14866
 -2.52534  -3.84924 -17.14875
 -2.52443  -3.84825 -17.14952
 -2.52373  -3.84694 -17.15047
 -2.52287  -3.84577 -17.15162
 -2.52211  -3.84428 -17.15267
 -2.52128  -3.84259 -17.15387
 -2.52005  -3.84175 -17.15400
 -2.51880  -3.84053 -17.15480
 -2.51773  -3.83964 -17.15495
 -2.51648  -3.83795 -17.15460
 -2.51540  -3.83657 -17.15473
 -2.51439  -3.83551 -17.15584
 -2.51309  -3.83430 -17.15566
 -2.51205  -3.83323 -17.15643
 -2.51082  -3.83175 -17.15657
 -2.50987  -3.83025 -17.15624
 -2.50922  -3.82876 -17.15641
 -2.50881  -3.82669 -17.15782
 -2.50818  -3.82543 -17.15919
 -2.50698  -3.82359 -17.15974
 -2.50633  -3.82224 -17.16037
 -2.50552  -3.82095 -17.16007
 -2.50479  -3.81979 -17.16042
 -2.50409  -3.81835 -17.16097
 -2.50317  -3.81653 -17.16202
 -2.50285  -3.81518 -17.16304
 -2.50209  -3.81389 -17.16395
 -2.50072  -3.81334 -17.16327
 -2.50023  -3.81165 -17.16464
 -2.49958  -3.80940 -17.16571
 -2.49931  -3.80795 -17.16714
 -2.49880  -3.80629 -17.16856
 -2.49806  -3.80480 -17.16904
 -2.49729  -3.80369 -17.16993
 -2.49665  -3.80201 -17.17021
 -2.49628  -3.80028 -17.17204
 -2.49578  -3.79859 -17.17400
 -2.49539  -3.79690 -17.17586
 -2.49497  -3.79551 -17.17683
 -2.49422  -3.79395 -17.17710
 -2.49377  -3.79259 -17.17793
 -2.49328  -3.79063 -17.17840
 -2.49263  -3.78843 -17.17888
 -2.49214  -3.78648 -17.17939
 -2.49103  -3.78448 -17.17953
 -2.49050  -3.78270 -17.17962
 -2.48968  -3.77984 -17.17952
 -2.48952  -3.77705 -17.18039
 -2.48929  -3.77353 -17.18033
 -2.48897  -3.77144 -17.18060
 -2.48806  -3.76823 -17.18011
 -2.48745  -3.76523 -17.17987
 -2.48721  -3.76257 -17.18046
 -2.48730  -3.75957 -17.18099
 -2.48687  -3.75705 -17.18059
 -2.48627  -3.75439 -17.17933
 -2.48545  -3.75207 -17.17878
 -2.48522  -3.74929 -17.17899
 -2.48506  -3.74660 -17.17817
 -2.48469  -3.74387 -17.17730
 -2.48410  -3.74114 -17.17593
 -2.48356  -3.73781 -17.17491
 -2.48304  -3.73464 -17.17472
 -2.48262  -3.73096 -17.17321
 -2.48235  -3.72785 -17.17263
 -2.48208  -3.72517 -17.17281
 -2.48147  -3.72272 -17.17222
 -2.48156  -3.71994 -17.17208
 -2.48106  -3.71735 -17.17070
 -2.48079  -3.71434 -17.17008
 -2.48079  -3.71130 -17.16973
 -2.48057  -3.70886 -17.16877
 -2.48014  -3.70608 -17.16678
 -2.47942  -3.70346 -17.16514
 -2.47894  -3.70043 -17.16346
 -2.47823  -3.69749 -17.16062
 -2.47783  -3.69442 -17.15820
 -2.47701  -3.69159 -17.15498
 -2.47643  -3.68894 -17.15096
 -2.47606  -3.68668 -17.14749
 -2.47549  -3.68426 -17.14409
 -2.47496  -3.68187 -17.14010
 -2.47440  -3.67895 -17.13602
 -2.47412  -3.67604 -17.13197
 -2.47363  -3.67330 -17.12815
 -2.47275  -3.67036 -17.12387
 -2.47202  -3.66791 -17.12056
 -2.47117  -3.66506 -17.11646
 -2.47059  -3.66279 -17.11213
 -2.47008  -3.66023 -17.10817
 -2.46950  -3.65682 -17.10234
 -2.46855  -3.65456 -17.09755
 -2.46792  -3.65190 -17.09394
 -2.46727  -3.65057 -17.09095
 -2.46688  -3.64851 -17.08760
 -2.46678  -3.64631 -17.08575
 -2.46641  -3.64437 -17.08363
 -2.46644  -3.64224 -17.08193
 -2.46643  -3.64026 -17.08085
 -2.46605  -3.63805 -17.07801
 -2.46538  -3.63628 -17.07577
 -2.46475  -3.63448 -17.07267
 -2.46396  -3.63244 -17.06841
 -2.46328  -3.62979 -17.06458
 -2.46228  -3.62767 -17.06032
 -2.46119  -3.62539 -17.05659
 -2.46028  -3.62300 -17.05243
 -2.45970  -3.62092 -17.04889
 -2.45871  -3.61848 -17.04468
 -2.45776  -3.61656 -17.04078
 -2.45687  -3.61473 -17.03624
 -2.45566  -3.61270 -17.03162
 -2.45485  -3.61098 -17.02778
 -2.45434  -3.60888 -17.02343
 -2.45349  -3.60703 -17.01903
 -2.45222  -3.60531 -17.01487
 -2.45117  -3.60324 -17.01105
 -2.45016  -3.60121 -17.00712
 -2.44956  -3.59958 -17.00265
 -2.44895  -3.59808 -16.99721
 -2.44819  -3.59640 -16.99343
 -2.44732  -3.59387 -16.98758
 -2.44660  -3.59187 -16.98151
 -2.44633  -3.58945 -16.97586
 -2.44569  -3.58681 -16.97028
 -2.44464  -3.58518 -16.96503
 -2.44374  -3.58302 -16.95933
 -2.44279  -3.58083 -16.95449
 -2.44220  -3.57874 -16.94923
 -2.44196  -3.57711 -16.94410
 -2.44152  -3.57509 -16.93893
 -2.44117  -3.57313 -16.93335
 -2.44056  -3.57140 -16.92853
 -2.43997  -3.56972 -16.92342
 -2.43908  -3.56777 -16.91861
 -2.43828  -3.56623 -16.91289
 -2.43749  -3.56436 -16.90871
 -2.43698  -3.56235 -16.90322
 -2.43612  -3.56063 -16.89793
 -2.43540  -3.55893 -16.89301
 -2.43457  -3.55771 -16.88837
 -2.43406  -3.55644 -16.88272
 -2.43351  -3.55549 -16.87754
 -2.43255  -3.55443 -16.87248
 -2.43187  -3.55338 -16.86746
 -2.43121  -3.55203 -16.86188
 -2.43064  -3.55066 -16.85648
 -2.42966  -3.55006 -16.85098
 -2.42877  -3.54890 -16.84520
 -2.42766  -3.54800 -16.83985
 -2.42674  -3.54641 -16.83322
 -2.42573  -3.54607 -16.82805
 -2.42506  -3.54482 -16.82257
 -2.42397  -3.54419 -16.81676
 -2.42300  -3.54279 -16.81173
 -2.42207  -3.54233 -16.80659
 -2.42105  -3.54141 -16.80124
 -2.42039  -3.54008 -16.79661
 -2.41915  -3.53925 -16.79015
 -2.41784  -3.53861 -16.78285
 -2.41662  -3.53770 -16.77597
 -2.41513  -3.53717 -16.76924
 -2.41394  -3.53610 -16.76326
 -2.41237  -3.53618 -16.75621
 -2.41120  -3.53600 -16.74911
 -2.40980  -3.53516 -16.74236
 -2.40831  -3.53559 -16.73549
 -2.40685  -3.53506 -16.72920
 -2.40504  -3.53496 -16.72257
 -2.40309  -3.53507 -16.71453
 -2.40167  -3.53505 -16.70833
 -2.40010  -3.53545 -16.70140
 -2.39831  -3.53573 -16.69436
 -2.39672  -3.53577 -16.68831
 -2.39523  -3.53560 -16.68239
 -2.39319  -3.53620 -16.67601
 -2.39151  -3.53596 -16.66981
 -2.38990  -3.53581 -16.66410
 -2.38824  -3.53622 -16.65784
 -2.38619  -3.53628 -16.65090
 -2.38447  -3.53613 -16.64448
 -2.38244  -3.53639 -16.63781
 -2.38029  -3.53649 -16.63181
 -2.37845  -3.53655 -16.62524
 -2.37654  -3.53672 -16.61852
 -2.37453  -3.53734 -16.61216
 -2.37261  -3.53779 -16.60749
 -2.37062  -3.53787 -16.60153
 -2.36907  -3.53740 -16.59746
 -2.36767  -3.53715 -16.59256
 -2.36596  -3.53691 -16.58787
 -2.36407  -3.53703 -16.58337
 -2.36211  -3.53653 -16.57894
 -2.36045  -3.53629 -16.57428
 -2.35905  -3.53610 -16.56923
 -2.35729  -3.53595 -16.56446
 -2.35544  -3.53571 -16.55952
 -2.35366  -3.53476 -16.55539
 -2.35173  -3.53394 -16.55062
 -2.34986  -3.53322 -16.54636
 -2.34783  -3.53306 -16.54134
 -2.34602  -3.53226 -16.53678
 -2.34405  -3.53179 -16.53133
 -2.34199  -3.53090 -16.52662
 -2.33977  -3.53101 -16.52080
 -2.33779  -3.53040 -16.51549
 -2.33585  -3.52962 -16.51075
 -2.33346  -3.52954 -16.50533
 -2.33079  -3.52935 -16.49981
 -2.32799  -3.52897 -16.49448
 -2.32560  -3.52794 -16.48925
 -2.32326  -3.52740 -16.48334
 -2.32076  -3.52699 -16.47800
 -2.31801  -3.52593 -16.47326
 -2.31547  -3.52544 -16.46863
 -2.31277  -3.52471 -16.46327
 -2.31007  -3.52402 -16.45891
 -2.30757  -3.52290 -16.45379
 -2.30542  -3.52254 -16.44974
 -2.30293  -3.52259 -16.44579
 -2.30080  -3.52248 -16.44166
 -2.29876  -3.52187 -16.43780
 -2.29617  -3.52236 -16.43366
 -2.29376  -3.52180 -16.42981
 -2.29112  -3.52167 -16.42623
 -2.28842  -3.52157 -16.42264
 -2.28549  -3.52190 -16.41902
 -2.28264  -3.52204 -16.41497
 -2.28014  -3.52210 -16.41086
 -2.27770  -3.52210 -16.40779
 -2.27483  -3.52213 -16.40363
 -2.27203  -3.52177 -16.40034
 -2.26922  -3.52125 -16.39657
 -2.26680  -3.52100 -16.39271
 -2.26425  -3.52048 -16.38900
 -2.26167  -3.51973 -16.38491
 -2.25899  -3.52017 -16.38175
 -2.25576  -3.51990 -16.37844
 -2.25285  -3.51992 -16.37532
 -2.25020  -3.51978 -16.37242
 -2.24702  -3.51956 -16.36913
 -2.24432  -3.51954 -16.36705
 -2.24146  -3.51843 -16.36462
 -2.23888  -3.51766 -16.36311
 -2.23615  -3.51670 -16.36002
 -2.23359  -3.51598 -16.35822
 -2.23101  -3.51503 -16.35685
 -2.22840  -3.51413 -16.35481
 -2.22575  -3.51332 -16.35293
 -2.22310  -3.51214 -16.35083
 -2.22041  -3.51134 -16.34945
 -2.21758  -3.50984 -16.34774
 -2.21482  -3.50852 -16.34635
 -2.21202  -3.50728 -16.34477
 -2.20930  -3.50586 -16.34326
 -2.20676  -3.50469 -16.34174
 -2.20451  -3.50377 -16.34176
 -2.20179  -3.50204 -16.34013
 -2.19888  -3.50094 -16.33935
 -2.19596  -3.49936 -16.33782
 -2.19335  -3.49825 -16.33679
 -2.19047  -3.49691 -16.33634
 -2.18769  -3.49561 -16.33516
 -2.18520  -3.49401 -16.33427
 -2.18242  -3.49257 -16.33307
 -2.17989  -3.49074 -16.33204
 -2.17688  -3.48921 -16.33067
 -2.17405  -3.48747 -16.32973
 -2.17123  -3.48547 -16.32915
 -2.16852  -3.48347 -16.32874
 -2.16631  -3.48190 -16.32805
 -2.16377  -3.47993 -16.32726
 -2.16112  -3.47791 -16.32626
 -2.15815  -3.47630 -16.32675
 -2.15537  -3.47443 -16.32604
 -2.15257  -3.47275 -16.32544
 -2.14975  -3.47084 -16.32482
 -2.14676  -3.46882 -16.32520
 -2.14381  -3.46639 -16.32422
 -2.14129  -3.46455 -16.32372
 -2.13862  -3.46246 -16.32370
 -2.13591  -3.46019 -16.32267
 -2.13307  -3.45824 -16.32324
 -2.13032  -3.45620 -16.32105
 -2.12775  -3.45420 -16.31960
 -2.12547  -3.45262 -16.31839
 -2.12299  -3.45093 -16.31744
 -2.12023  -3.44921 -16.31671
 -2.11765  -3.44725 -16.31545
 -2.11474  -3.44520 -16.31467
 -2.11217  -3.44303 -16.31445
 -2.10954  -3.44043 -16.31316
 -2.10698  -3.43821 -16.31327
 -2.10454  -3.43591 -16.31281
 -2.10174  -3.43343 -16.31245
 -2.09914  -3.43126 -16.31210
 -2.09619  -3.42865 -16.31154
 -2.09370  -3.42601 -16.31131
 -2.09080  -3.42343 -16.31059
 -2.08842  -3.42066 -16.31008
 -2.08594  -3.41780 -16.31055
 -2.08336  -3.41506 -16.31105
 -2.08056  -3.41294 -16.31055
 -2.07786  -3.40974 -16.31153
 -2.07485  -3.40690 -16.31173
 -2.07232  -3.40364 -16.31228
 -2.06963  -3.40052 -16.31328
 -2.06698  -3.39780 -16.31430
 -2.06444  -3.39441 -16.31446
 -2.06196  -3.39118 -16.31569
 -2.05935  -3.38827 -16.31683
 -2.05681  -3.38465 -16.31844
 -2.05417  -3.38167 -16.32038
 -2.05135  -3.37869 -16.32200
 -2.04867  -3.37595 -16.32318
 -2.04608  -3.37250 -16.32484
 -2.04381  -3.36905 -16.32617
 -2.04137  -3.36547 -16.32804
 -2.03883  -3.36140 -16.32834
 -2.03628  -3.35774 -16.32875
 -2.03360  -3.35413 -16.32887
 -2.03147  -3.34982 -16.32917
 -2.02914  -3.34589 -16.32925
 -2.02680  -3.34149 -16.33004
 -2.02422  -3.33738 -16.33075
 -2.02190  -3.33341 -16.33237
 -2.01922  -3.32956 -16.33309
 -2.01669  -3.32573 -16.33343
 -2.01438  -3.32263 -16.33456
 -2.01236  -3.31815 -16.33595
 -2.01065  -3.31461 -16.33742
 -2.00830  -3.31121 -16.33865
 -2.00612  -3.30735 -16.33952
 -2.00371  -3.30361 -16.34024
 -2.00147  -3.29974 -16.34158
 -1.99923  -3.29574 -16.34338
 -1.99671  -3.29133 -16.34533
 -1.99427  -3.28769 -16.34779
 -1.99180  -3.28426 -16.35164
 -1.98939  -3.28066 -16.35492
 -1.98713  -3.27723 -16.35779
 -1.98463  -3.27437 -16.36106
 -1.98257  -3.27122 -16.36391
 -1.98033  -3.26802 -16.36686
 -1.97806  -3.26446 -16.37055
 -1.97578  -3.26045 -16.37343
 -1.97366  -3.25632 -16.37648
 -1.97139  -3.25261 -16.37939
 -1.96921  -3.24948 -16.38181
 -1.96710  -3.24623 -16.38468
 -1.96500  -3.24306 -16.38877
 -1.96277  -3.23970 -16.39195
 -1.96035  -3.23625 -16.39517
 -1.95826  -3.23313 -16.39853
 -1.95619  -3.23008 -16.40193
 -1.95421  -3.22651 -16.40539
 -1.95243  -3.22345 -16.40886
 -1.95045  -3.22017 -16.41200
 -1.94862  -3.21657 -16.41485
 -1.94646  -3.21289 -16.41710
 -1.94457  -3.20951 -16.42010
 -1.94260  -3.20599 -16.42343
 -1.94065  -3.20285 -16.42680
 -1.93880  -3.19954 -16.43039
 -1.93690  -3.19603 -16.43373
 -1.93489  -3.19238 -16.43703
 -1.93319  -3.18888 -16.44057
 -1.93108  -3.18533 -16.44413
 -1.92914  -3.18189 -16.44692
 -1.92734  -3.17800 -16.45011
 -1.92580  -3.17402 -16.45314
 -1.92398  -3.17079 -16.45614
 -1.92241  -3.16715 -16.45896
 -1.92078  -3.16380 -16.46230
 -1.91921  -3.16015 -16.46590
 -1.91747  -3.15669 -16.46977
 -1.91609  -3.15315 -16.47301
 -1.91420  -3.15022 -16.47637
 -1.91248  -3.14707 -16.47923
 -1.91067  -3.14420 -16.48188
 -1.90899  -3.14097 -16.48478
 -1.90747  -3.13740 -16.48838
 -1.90603  -3.13399 -16.49232
 -1.90466  -3.13078 -16.49611
 -1.90337  -3.12760 -16.49894
 -1.90198  -3.12468 -16.50244
 -1.90018  -3.12088 -16.50506
 -1.89866  -3.11746 -16.50833
 -1.89727  -3.11459 -16.51211
 -1.89594  -3.11144 -16.51539
 -1.89472  -3.10875 -16.51900
 -1.89347  -3.10559 -16.52227
 -1.89213  -3.10280 -16.52553
 -1.89074  -3.09993 -16.52885
 -1.88955  -3.09699 -16.53210
 -1.88839  -3.09386 -16.53537
 -1.88740  -3.09067 -16.53866
 -1.88615  -3.08761 -16.54146
 -1.88508  -3.08459 -16.54464
 -1.88399  -3.08221 -16.54775
 -1.88284  -3.07950 -16.55118
 -1.88152  -3.07700 -16.55474
 -1.88026  -3.07452 -16.55913
 -1.87900  -3.07193 -16.56237
 -1.87806  -3.06979 -16.56619
 -1.87707  -3.06724 -16.56931
 -1.87581  -3.06454 -16.57196
 -1.87453  -3.06234 -16.57550
 -1.87359  -3.05976 -16.57873
 -1.87236  -3.05751 -16.58216
 -1.87157  -3.05486 -16.58540
 -1.87057  -3.05228 -16.58783
 -1.86942  -3.05037 -16.59145
 -1.86838  -3.04791 -16.59429
 -1.86732  -3.04589 -16.59807
 -1.86622  -3.04365 -16.60126
 -1.86537  -3.04135 -16.60395
 -1.86435  -3.03935 -16.60743
 -1.86362  -3.03683 -16.61129
 -1.86333  -3.03366 -16.61487
 -1.86320  -3.03107 -16.61684
 -1.86270  -3.02852 -16.61862
 -1.86237  -3.02618 -16.62047
 -1.86210  -3.02385 -16.62292
 -1.86137  -3.02145 -16.62478
 -1.86125  -3.01887 -16.62747
 -1.86109  -3.01655 -16.63059
 -1.86097  -3.01416 -16.63404
 -1.86090  -3.01211 -16.63706
 -1.86091  -3.01007 -16.64011
 -1.86069  -3.00778 -16.64303
 -1.86038  -3.00562 -16.64578
 -1.86016  -3.00347 -16.64940
 -1.85976  -3.00139 -16.65181
 -1.85964  -2.99959 -16.65450
 -1.85918  -2.99733 -16.65712
 -1.85886  -2.99502 -16.66027
 -1.85857  -2.99315 -16.66358
 -1.85841  -2.99122 -16.66701
 -1.85837  -2.98939 -16.67033
 -1.85816  -2.98790 -16.67365
 -1.85796  -2.98645 -16.67755
 -1.85770  -2.98462 -16.68069
 -1.85741  -2.98293 -16.68390
 -1.85762  -2.98160 -16.68807
 -1.85761  -2.97915 -16.69273
 -1.85764  -2.97732 -16.69746
 -1.85757  -2.97529 -16.70195
 -1.85765  -2.97359 -16.70700
 -1.85777  -2.97186 -16.71177
 -1.85805  -2.96986 -16.71677
 -1.85825  -2.96810 -16.72229
 -1.85856  -2.96633 -16.72766
 -1.85866  -2.96433 -16.73246
 -1.85884  -2.96264 -16.73731
 -1.85887  -2.96090 -16.74200
 -1.85890  -2.95920 -16.74681
 -1.85927  -2.95754 -16.75216
 -1.85969  -2.95579 -16.75708
 -1.85941  -2.95345 -16.76050
 -1.85955  -2.95168 -16.76574
 -1.85956  -2.94958 -16.76978
 -1.85967  -2.94764 -16.77450
 -1.85984  -2.94533 -16.77911
 -1.85971  -2.94337 -16.78410
 -1.85983  -2.94155 -16.78923
 -1.86010  -2.93975 -16.79427
 -1.86021  -2.93806 -16.79863
 -1.86040  -2.93661 -16.80359
 -1.86068  -2.93508 -16.80909
 -1.86071  -2.93342 -16.81456
 -1.86098  -2.93159 -16.81983
 -1.86119  -2.93005 -16.82575
 -1.86155  -2.92863 -16.83187
 -1.86146  -2.92719 -16.83718
 -1.86194  -2.92578 -16.84339
 -1.86218  -2.92417 -16.84771
 -1.86215  -2.92300 -16.85361
 -1.86282  -2.92218 -16.86165
 -1.86328  -2.92151 -16.86812
 -1.86375  -2.92105 -16.87487
 -1.86429  -2.92006 -16.88161
 -1.86457  -2.91980 -16.88897
 -1.86497  -2.92003 -16.89698
 -1.86502  -2.91988 -16.90450
 -1.86537  -2.92009 -16.91271
 -1.86594  -2.92024 -16.92033
 -1.86636  -2.92060 -16.92832
 -1.86644  -2.92070 -16.93719
 -1.86686  -2.92095 -16.94563
 -1.86740  -2.92134 -16.95405
 -1.86786  -2.92147 -16.96194
 -1.86825  -2.92199 -16.97020
 -1.86858  -2.92212 -16.97820
 -1.86894  -2.92298 -16.98628
 -1.86916  -2.92370 -16.99470
 -1.86960  -2.92406 -17.00331
 -1.87009  -2.92471 -17.01251
 -1.87033  -2.92496 -17.02119
 -1.87059  -2.92561 -17.02987
 -1.87075  -2.92674 -17.03818
 -1.87106  -2.92742 -17.04698
 -1.87139  -2.92816 -17.05539
 -1.87169  -2.92901 -17.06410
 -1.87217  -2.92953 -17.07244
 -1.87272  -2.93023 -17.08109
 -1.87300  -2.93106 -17.09024
 -1.87339  -2.93163 -17.09808
 -1.87328  -2.93297 -17.10596
 -1.87344  -2.93384 -17.11418
 -1.87362  -2.93476 -17.12165
 -1.87389  -2.93597 -17.12956
 -1.87396  -2.93709 -17.13752
 -1.87398  -2.93830 -17.14547
 -1.87417  -2.93925 -17.15320
 -1.87444  -2.94019 -17.16093
 -1.87446  -2.94143 -17.16818
 -1.87487  -2.94239 -17.17596
 -1.87485  -2.94407 -17.18354
 -1.87497  -2.94517 -17.19065
 -1.87512  -2.94638 -17.19829
 -1.87513  -2.94766 -17.20564
 -1.87508  -2.94901 -17.21272
 -1.87515  -2.95048 -17.22025
 -1.87497  -2.95130 -17.22653
 -1.87483  -2.95234 -17.23294
 -1.87456  -2.95361 -17.23881
 -1.87431  -2.95460 -17.24525
 -1.87428  -2.95558 -17.25281
 -1.87424  -2.95674 -17.25992
 -1.87449  -2.95752 -17.26688
 -1.87466  -2.95868 -17.27462
 -1.87474  -2.96021 -17.28129
 -1.87493  -2.96115 -17.28877
 -1.87485  -2.96253 -17.29548
 -1.87505  -2.96376 -17.30255
 -1.87532  -2.96484 -17.30917
 -1.87546  -2.96611 -17.31604
 -1.87514  -2.96739 -17.32325
 -1.87503  -2.96882 -17.33022
 -1.87498  -2.97014 -17.33715
 -1.87541  -2.97146 -17.34485
 -1.87553  -2.97308 -17.35150
 -1.87552  -2.97441 -17.35929
 -1.87566  -2.97595 -17.36577
 -1.87552  -2.97746 -17.37284
 -1.87569  -2.97917 -17.37999
 -1.87589  -2.98102 -17.38676
 -1.87591  -2.98269 -17.39360
 -1.87609  -2.98432 -17.40019
 -1.87621  -2.98597 -17.40668
 -1.87631  -2.98762 -17.41364
 -1.87643  -2.98941 -17.42081
 -1.87655  -2.99112 -17.42763
 -1.87661  -2.99298 -17.43418
 -1.87674  -2.99509 -17.44122
 -1.87678  -2.99736 -17.44762
 -1.87702  -2.99917 -17.45422
 -1.87697  -3.00129 -17.45984
 -1.87689  -3.00347 -17.46584
 -1.87682  -3.00524 -17.47151
 -1.87701  -3.00736 -17.47822
 -1.87721  -3.00915 -17.48426
 -1.87708  -3.01131 -17.48999
 -1.87704  -3.01295 -17.49604
 -1.87701  -3.01526 -17.50134
 -1.87715  -3.01747 -17.50757
 -1.87727  -3.01995 -17.51293
 -1.87717  -3.02230 -17.51890
 -1.87703  -3.02445 -17.52406
 -1.87698  -3.02664 -17.52938
 -1.87732  -3.02891 -17.53441
 -1.87717  -3.03109 -17.53952
 -1.87718  -3.03321 -17.54471
 -1.87688  -3.03575 -17.54951
 -1.87667  -3.03789 -17.55482
 -1.87640  -3.04025 -17.55983
 -1.87643  -3.04237 -17.56457
 -1.87631  -3.04465 -17.56938
 -1.87589  -3.04708 -17.57380
 -1.87590  -3.04964 -17.57832
 -1.87559  -3.05189 -17.58233
 -1.87542  -3.05416 -17.58464
 -1.87542  -3.05596 -17.58834
 -1.87554  -3.05755 -17.59151
 -1.87568  -3.05975 -17.59456
 -1.87562  -3.06198 -17.59700
 -1.87544  -3.06393 -17.59947
 -1.87543  -3.06617 -17.60236
 -1.87534  -3.06806 -17.60469
 -1.87518  -3.06993 -17.60711
 -1.87484  -3.07203 -17.60955
 -1.87481  -3.07386 -17.61151
 -1.87449  -3.07636 -17.61322
 -1.87440  -3.07824 -17.61511
 -1.87449  -3.08046 -17.61790
 -1.87422  -3.08273 -17.61958
 -1.87388  -3.08614 -17.62231
 -1.87370  -3.08915 -17.62541
 -1.87360  -3.09201 -17.62877
 -1.87335  -3.09456 -17.63092
 -1.87294  -3.09714 -17.63399
 -1.87254  -3.09982 -17.63664
 -1.87204  -3.10253 -17.63901
 -1.87168  -3.10548 -17.64081
 -1.87155  -3.10807 -17.64325
 -1.87114  -3.11095 -17.64531
 -1.87076  -3.11374 -17.64753
 -1.87039  -3.11656 -17.64933
 -1.87006  -3.11959 -17.65122
 -1.86975  -3.12272 -17.65274
 -1.86917  -3.12577 -17.65482
 -1.86884  -3.12893 -17.65729
 -1.86822  -3.13178 -17.65892
 -1.86772  -3.13511 -17.66073
 -1.86710  -3.13785 -17.66258
 -1.86650  -3.14084 -17.66397
 -1.86606  -3.14394 -17.66595
 -1.86538  -3.14732 -17.66726
 -1.86473  -3.15017 -17.66861
 -1.86412  -3.15322 -17.67011
 -1.86353  -3.15660 -17.67130
 -1.86275  -3.15979 -17.67280
 -1.86204  -3.16242 -17.67412
 -1.86142  -3.16559 -17.67564
 -1.86066  -3.16877 -17.67691
 -1.85969  -3.17150 -17.67798
 -1.85889  -3.17471 -17.67965
 -1.85815  -3.17739 -17.68071
 -1.85739  -3.18066 -17.68232
 -1.85643  -3.18367 -17.68306
 -1.85538  -3.18630 -17.68427
 -1.85450  -3.18964 -17.68510
 -1.85352  -3.19274 -17.68570
 -1.85253  -3.19549 -17.68604
 -1.85160  -3.19804 -17.68675
 -1.85068  -3.20103 -17.68750
 -1.84980  -3.20381 -17.68819
 -1.84892  -3.20647 -17.68919
 -1.84802  -3.20937 -17.68951
 -1.84691  -3.21198 -17.69049
 -1.84594  -3.21497 -17.69108
 -1.84500  -3.21750 -17.69163
 -1.84380  -3.22007 -17.69220
 -1.84253  -3.22276 -17.69266
 -1.84138  -3.22590 -17.69244
 -1.84016  -3.22912 -17.69291
 -1.83875  -3.23204 -17.69287
 -1.83741  -3.23484 -17.69325
 -1.83617  -3.23778 -17.69302
 -1.83485  -3.24061 -17.69297
 -1.83357  -3.24349 -17.69272
 -1.83215  -3.24593 -17.69241
 -1.83107  -3.24889 -17.69237
 -1.82988  -3.25176 -17.69258
 -1.82842  -3.25453 -17.69234
 -1.82715  -3.25735 -17.69233
 -1.82599  -3.25979 -17.69248
 -1.82479  -3.26241 -17.69242
 -1.82326  -3.26496 -17.69219
 -1.82202  -3.26780 -17.69213
 -1.82074  -3.27054 -17.69159
 -1.81929  -3.27315 -17.69138
 -1.81760  -3.27537 -17.69225
 -1.81614  -3.27765 -17.69314
 -1.81448  -3.28017 -17.69338
 -1.81252  -3.28238 -17.69393
 -1.81080  -3.28416 -17.69492
 -1.80899  -3.28677 -17.69573
 -1.80745  -3.28859 -17.69616
 -1.80583  -3.29067 -17.69687
 -1.80397  -3.29279 -17.69726
 -1.80206  -3.29447 -17.69786
 -1.80005  -3.29627 -17.69861
 -1.79853  -3.29811 -17.69944
 -1.79689  -3.30050 -17.69952
 -1.79463  -3.30189 -17.69928
 -1.79269  -3.30409 -17.69903
 -1.79087  -3.30583 -17.69896
 -1.78891  -3.30771 -17.69893
 -1.78691  -3.30961 -17.69903
 -1.78482  -3.31188 -17.69953
 -1.78290  -3.31371 -17.69987
 -1.78092  -3.31559 -17.69986
 -1.77886  -3.31735 -17.69980
 -1.77686  -3.31914 -17.69970
 -1.77478  -3.32106 -17.70034
 -1.77247  -3.32273 -17.70036
 -1.77037  -3.32438 -17.70009
 -1.76828  -3.32638 -17.70025
 -1.76600  -3.32775 -17.70036
 -1.76340  -3.32936 -17.70047
 -1.76119  -3.33189 -17.70037
 -1.75909  -3.33379 -17.70045
 -1.75730  -3.33526 -17.70177
 -1.75567  -3.33701 -17.70314
 -1.75361  -3.33825 -17.70447
 -1.75219  -3.34002 -17.70580
 -1.75019  -3.34140 -17.70661
 -1.74845  -3.34234 -17.70805
 -1.74659  -3.34360 -17.70963
 -1.74434  -3.34453 -17.71091
 -1.74233  -3.34565 -17.71191
 -1.74032  -3.34668 -17.71291
 -1.73802  -3.34770 -17.71432
 -1.73623  -3.34889 -17.71566
 -1.73415  -3.34995 -17.71671
 -1.73222  -3.35121 -17.71836
 -1.73015  -3.35238 -17.71969
 -1.72804  -3.35297 -17.72122
 -1.72616  -3.35403 -17.72277
 -1.72434  -3.35476 -17.72387
 -1.72248  -3.35537 -17.72508
 -1.72037  -3.35618 -17.72684
 -1.71846  -3.35694 -17.72803
 -1.71706  -3.35789 -17.72837
 -1.71556  -3.35900 -17.72956
 -1.71386  -3.36010 -17.72983
 -1.71243  -3.36186 -17.73001
 -1.71109  -3.36330 -17.73008
 -1.70955  -3.36476 -17.73024
 -1.70812  -3.36596 -17.73036
 -1.70667  -3.36740 -17.73037
 -1.70549  -3.36851 -17.73086
 -1.70423  -3.36940 -17.73122
 -1.70266  -3.37031 -17.73168
 -1.70133  -3.37158 -17.73251
 -1.69989  -3.37307 -17.73312
 -1.69844  -3.37410 -17.73375
 -1.69693  -3.37511 -17.73421
 -1.69552  -3.37613 -17.73495
 -1.69408  -3.37717 -17.73570
 -1.69253  -3.37801 -17.73633
 -1.69084  -3.37907 -17.73711
 -1.68920  -3.38005 -17.73765
 -1.68757  -3.38072 -17.73821
 -1.68601  -3.38133 -17.73937
 -1.68460  -3.38216 -17.74067
 -1.68294  -3.38293 -17.74198
 -1.68127  -3.38339 -17.74347
 -1.67959  -3.38399 -17.74488
 -1.67801  -3.38497 -17.74611
 -1.67661  -3.38551 -17.74758
 -1.67502  -3.38634 -17.74915
 -1.67356  -3.38686 -17.75082
 -1.67219  -3.38718 -17.75213
 -1.67091  -3.38789 -17.75404
 -1.66939  -3.38807 -17.75544
 -1.66800  -3.38849 -17.75707
 -1.66647  -3.38885 -17.75872
 -1.66508  -3.38919 -17.76045
 -1.66373  -3.38950 -17.76196
 -1.66244  -3.38965 -17.76376
 -1.66086  -3.38960 -17.76512
 -1.65930  -3.38999 -17.76647
 -1.65814  -3.39008 -17.76809
 -1.65670  -3.39072 -17.76986
 -1.65541  -3.39085 -17.77129
 -1.65397  -3.39043 -17.77279
 -1.65249  -3.39024 -17.77461
 -1.65122  -3.39051 -17.77627
 -1.64989  -3.39026 -17.77794
 -1.64857  -3.39016 -17.78027
 -1.64712  -3.38980 -17.78227
 -1.64576  -3.38970 -17.78416
 -1.64453  -3.38945 -17.78609
 -1.64319  -3.38920 -17.78817
 -1.64184  -3.38914 -17.79022
 -1.64065  -3.38887 -17.79209
 -1.63934  -3.38911 -17.79370
 -1.63820  -3.38897 -17.79642
 -1.63716  -3.38887 -17.79977
 -1.63613  -3.38845 -17.80267
 -1.63525  -3.38803 -17.80588
 -1.63422  -3.38789 -17.80871
 -1.63331  -3.38742 -17.81146
 -1.63247  -3.38700 -17.81490
 -1.63157  -3.38645 -17.81848
 -1.63053  -3.38649 -17.82150
 -1.62969  -3.38598 -17.82449
 -1.62881  -3.38570 -17.82756
 -1.62773  -3.38513 -17.83008
 -1.62681  -3.38457 -17.83251
 -1.62584  -3.38410 -17.83539
 -1.62495  -3.38374 -17.83849
 -1.62433  -3.38324 -17.84192
 -1.62355  -3.38266 -17.84485
 -1.62295  -3.38174 -17.84839
 -1.62212  -3.38125 -17.85134
 -1.62127  -3.38062 -17.85464
 -1.62055  -3.38001 -17.85733
 -1.61979  -3.37950 -17.86034
 -1.61917  -3.37906 -17.86351
 -1.61871  -3.37865 -17.86756
 -1.61812  -3.37794 -17.87059
 -1.61729  -3.37688 -17.87357
 -1.61647  -3.37600 -17.87651
 -1.61601  -3.37547 -17.88011
 -1.61542  -3.37418 -17.88280
 -1.61488  -3.37289 -17.88502
 -1.61418  -3.37142 -17.88793
 -1.61375  -3.37023 -17.89096
 -1.61328  -3.36874 -17.89368
 -1.61303  -3.36758 -17.89664
 -1.61268  -3.36639 -17.89997
 -1.61212  -3.36518 -17.90255
 -1.61176  -3.36387 -17.90534
 -1.61150  -3.36260 -17.90795
 -1.61106  -3.36127 -17.91064
 -1.61087  -3.35960 -17.91361
 -1.61071  -3.35815 -17.91680
 -1.61044  -3.35672 -17.91964
 -1.61057  -3.35546 -17.92339
 -1.61056  -3.35422 -17.92639
 -1.61047  -3.35284 -17.92953
 -1.61047  -3.35139 -17.93241
 -1.61035  -3.35007 -17.93620
 -1.61016  -3.34887 -17.93943
 -1.61018  -3.34743 -17.94294
 -1.61002  -3.34590 -17.94584
 -1.60991  -3.34436 -17.94961
 -1.60998  -3.34301 -17.95359
 -1.60994  -3.34173 -17.95703
 -1.60987  -3.34031 -17.96036
 -1.60991  -3.33866 -17.96357
 -1.60999  -3.33694 -17.96691
 -1.61016  -3.33556 -17.97002
 -1.61034  -3.33439 -17.97287
 -1.61075  -3.33296 -17.97654
 -1.61119  -3.33155 -17.98044
 -1.61154  -3.33011 -17.98359
 -1.61138  -3.32866 -17.98588
 -1.61149  -3.32709 -17.98914
 -1.61194  -3.32585 -17.99297
 -1.61232  -3.32442 -17.99614
 -1.61272  -3.32298 -17.99964
 -1.61315  -3.32163 -18.00267
 -1.61344  -3.32002 -18.00594
 -1.61382  -3.31869 -18.00921
 -1.61419  -3.31714 -18.01212
 -1.61462  -3.31525 -18.01460
 -1.61530  -3.31376 -18.01798
 -1.61565  -3.31193 -18.02080
 -1.61646  -3.31018 -18.02433
 -1.61728  -3.30865 -18.02818
 -1.61793  -3.30702 -18.03057
 -1.61844  -3.30549 -18.03274
 -1.61910  -3.30389 -18.03516
 -1.61975  -3.30222 -18.03827
 -1.62055  -3.30080 -18.04145
 -1.62138  -3.29935 -18.04421
 -1.62219  -3.29780 -18.04710
 -1.62310  -3.29624 -18.04971
 -1.62422  -3.29472 -18.05286
 -1.62496  -3.29325 -18.05526
 -1.62600  -3.29147 -18.05816
 -1.62702  -3.28976 -18.06139
 -1.62811  -3.28806 -18.06406
 -1.62934  -3.28670 -18.06762
 -1.63003  -3.28541 -18.07050
 -1.63118  -3.28421 -18.07430
 -1.63190  -3.28290 -18.07783
 -1.63278  -3.28192 -18.08154
 -1.63383  -3.28068 -18.08537
 -1.63485  -3.27927 -18.08899
 -1.63590  -3.27785 -18.09195
 -1.63688  -3.27624 -18.09494
 -1.63778  -3.27496 -18.09810
 -1.63890  -3.27384 -18.10205
 -1.63989  -3.27258 -18.10547
 -1.64105  -3.27149 -18.10887
 -1.64241  -3.27031 -18.11206
 -1.64364  -3.26934 -18.11588
 -1.64502  -3.26832 -18.11984
 -1.64622  -3.26714 -18.12363
 -1.64745  -3.26614 -18.12702
 -1.64898  -3.26506 -18.13067
 -1.65018  -3.26430 -18.13443
 -1.65142  -3.26314 -18.13795
 -1.65274  -3.26209 -18.14106
 -1.65400  -3.26102 -18.14391
 -1.65548  -3.26011 -18.14744
 -1.65672  -3.25922 -18.15031
 -1.65795  -3.25814 -18.15317
 -1.65929  -3.25711 -18.15560
 -1.66060  -3.25643 -18.15887
 -1.66202  -3.25525 -18.16121
 -1.66344  -3.25422 -18.16379
 -1.66499  -3.25313 -18.16657
 -1.66656  -3.25209 -18.16950
 -1.66798  -3.25115 -18.17249
 -1.66987  -3.25055 -18.17449
 -1.67177  -3.24965 -18.17646
 -1.67342  -3.24922 -18.17902
 -1.67532  -3.24852 -18.18079
 -1.67720  -3.24819 -18.18290
 -1.67898  -3.24747 -18.18450
 -1.68080  -3.24698 -18.18648
 -1.68264  -3.24683 -18.18815
 -1.68432  -3.24625 -18.18935
 -1.68592  -3.24583 -18.19103
 -1.68780  -3.24530 -18.19253
 -1.68954  -3.24447 -18.19358
 -1.69145  -3.24416 -18.19523
 -1.69342  -3.24356 -18.19612
 -1.69524  -3.24287 -18.19697
 -1.69710  -3.24266 -18.19877
 -1.69900  -3.24201 -18.19956
 -1.70094  -3.24151 -18.20094
 -1.70302  -3.24101 -18.20226
 -1.70474  -3.24000 -18.20183
 -1.70641  -3.23932 -18.20225
 -1.70783  -3.23814 -18.20132
 -1.70934  -3.23704 -18.20048
 -1.71082  -3.23620 -18.19999
 -1.71259  -3.23545 -18.19954
 -1.71430  -3.23456 -18.19889
 -1.71596  -3.23374 -18.19867
 -1.71768  -3.23288 -18.19839
 -1.71940  -3.23213 -18.19779
 -1.72117  -3.23150 -18.19754
 -1.72302  -3.23115 -18.19689
 -1.72483  -3.23071 -18.19622
 -1.72654  -3.23046 -18.19602
 -1.72817  -3.23019 -18.19513
 -1.72992  -3.22994 -18.19436
 -1.73152  -3.22966 -18.19360
 -1.73338  -3.22937 -18.19262
 -1.73527  -3.22897 -18.19178
 -1.73709  -3.22869 -18.19039
 -1.73881  -3.22871 -18.18947
 -1.74083  -3.22911 -18.18975
 -1.74273  -3.22950 -18.19001
 -1.74470  -3.22993 -18.19008
 -1.74689  -3.23026 -18.19115
 -1.74881  -3.23033 -18.19178
 -1.75097  -3.23031 -18.19301
 -1.75303  -3.23027 -18.19368
 -1.75511  -3.23059 -18.19470
 -1.75701  -3.23072 -18.19546
 -1.75918  -3.23077 -18.19637
 -1.76114  -3.23152 -18.19745
 -1.76330  -3.23219 -18.20013
 -1.76554  -3.23283 -18.20265
 -1.76753  -3.23344 -18.20547
 -1.76957  -3.23418 -18.20792
 -1.77178  -3.23475 -18.20996
 -1.77390  -3.23585 -18.21254
 -1.77591  -3.23620 -18.21476
 -1.77802  -3.23676 -18.21694
 -1.78018  -3.23786 -18.21925
 -1.78240  -3.23846 -18.22140
 -1.78457  -3.23918 -18.22407
 -1.78666  -3.24016 -18.22659
 -1.78871  -3.24093 -18.22906
 -1.79080  -3.24189 -18.23156
 -1.79301  -3.24285 -18.23397
 -1.79514  -3.24407 -18.23588
 -1.79720  -3.24501 -18.23827
 -1.79940  -3.24630 -18.24084
 -1.80167  -3.24753 -18.24278
 -1.80365  -3.24837 -18.24457
 -1.80605  -3.24956 -18.24641
 -1.80843  -3.25104 -18.24833
 -1.81053  -3.25234 -18.24992
 -1.81266  -3.25370 -18.25174
 -1.81469  -3.25523 -18.25333
 -1.81690  -3.25654 -18.25512
 -1.81901  -3.25791 -18.25708
 -1.82120  -3.25911 -18.25903
 -1.82325  -3.26033 -18.26055
 -1.82540  -3.26192 -18.26230
 -1.82754  -3.26362 -18.26458
 -1.82965  -3.26507 -18.26647
 -1.83169  -3.26684 -18.26869
 -1.83379  -3.26868 -18.27081
 -1.83584  -3.27021 -18.27243
 -1.83808  -3.27170 -18.27377
 -1.83991  -3.27354 -18.27564
 -1.84193  -3.27497 -18.27723
 -1.84402  -3.27684 -18.27832
 -1.84598  -3.27848 -18.27963
 -1.84791  -3.28013 -18.28152
 -1.85005  -3.28180 -18.28248
 -1.85209  -3.28339 -18.28366
 -1.85403  -3.28546 -18.28467
 -1.85608  -3.28715 -18.28581
 -1.85815  -3.28915 -18.28706
 -1.86012  -3.29105 -18.28891
 -1.86229  -3.29289 -18.29049
 -1.86429  -3.29500 -18.29170
 -1.86654  -3.29712 -18.29283
 -1.86841  -3.29939 -18.29454
 -1.87037  -3.30153 -18.29586
 -1.87222  -3.30379 -18.29652
 -1.87421  -3.30608 -18.29705
 -1.87607  -3.30840 -18.29850
 -1.87795  -3.31024 -18.29995
 -1.87985  -3.31235 -18.30133
 -1.88180  -3.31447 -18.30244
 -1.88366  -3.31677 -18.30340
 -1.88556  -3.31891 -18.30463
 -1.88749  -3.32134 -18.30587
 -1.88956  -3.32364 -18.30701
 -1.89156  -3.32596 -18.30777
 -1.89337  -3.32842 -18.30863
 -1.89522  -3.33041 -18.30883
 -1.89710  -3.33299 -18.31010
 -1.89914  -3.33542 -18.31096
 -1.90100  -3.33786 -18.31179
 -1.90301  -3.34016 -18.31251
 -1.90509  -3.34262 -18.31290
 -1.90708  -3.34524 -18.31328
 -1.90900  -3.34751 -18.31374
 -1.91105  -3.34983 -18.31425
 -1.91314  -3.35201 -18.31489
 -1.91508  -3.35477 -18.31541
 -1.91688  -3.35705 -18.31562
 -1.91865  -3.35961 -18.31589
 -1.92048  -3.36222 -18.31655
 -1.92222  -3.36455 -18.31703
 -1.92412  -3.36705 -18.31779
 -1.92573  -3.36997 -18.31842
 -1.92747  -3.37219 -18.31891
 -1.92894  -3.37496 -18.31931
 -1.93065  -3.37729 -18.31967
 -1.93278  -3.37963 -18.32014
 -1.93434  -3.38244 -18.32092
 -1.93604  -3.38471 -18.32134
 -1.93766  -3.38731 -18.32152
 -1.93933  -3.39021 -18.32145
 -1.94115  -3.39292 -18.32159
 -1.94318  -3.39541 -18.32172
 -1.94491  -3.39807 -18.32218
 -1.94658  -3.40100 -18.32279
 -1.94829  -3.40410 -18.32292
 -1.95016  -3.40627 -18.32266
 -1.95180  -3.40899 -18.32282
 -1.95358  -3.41154 -18.32271
 -1.95532  -3.41379 -18.32297
 -1.95682  -3.41685 -18.32335
 -1.95849  -3.41995 -18.32373
 -1.96028  -3.42273 -18.32358
 -1.96199  -3.42540 -18.32387
 -1.96322  -3.42840 -18.32429
 -1.96479  -3.43136 -18.32462
 -1.96657  -3.43398 -18.32445
 -1.96813  -3.43677 -18.32434
 -1.96932  -3.43919 -18.32442
 -1.97103  -3.44191 -18.32484
 -1.97290  -3.44464 -18.32488
 -1.97451  -3.44757 -18.32478
 -1.97597  -3.45020 -18.32486
 -1.97745  -3.45310 -18.32512
 -1.97909  -3.45568 -18.32523
 -1.98052  -3.45869 -18.32550
 -1.98198  -3.46158 -18.32600
 -1.98352  -3.46425 -18.32641
 -1.98484  -3.46714 -18.32690
 -1.98620  -3.47025 -18.32704
 -1.98786  -3.47322 -18.32734
 -1.98918  -3.47621 -18.32746
 -1.99069  -3.47889 -18.32772
 -1.99207  -3.48139 -18.32719
 -1.99352  -3.48426 -18.32732
 -1.99503  -3.48708 -18.32768
 -1.99644  -3.48974 -18.32759
 -1.99772  -3.49263 -18.32778
 -1.99907  -3.49552 -18.32769
 -2.00041  -3.49836 -18.32708
 -2.00160  -3.50136 -18.32716
 -2.00293  -3.50385 -18.32668
 -2.00438  -3.50679 -18.32677
 -2.00591  -3.50930 -18.32703
 -2.00703  -3.51232 -18.32725
 -2.00841  -3.51509 -18.32739
 -2.00956  -3.51775 -18.32715
 -2.01097  -3.52074 -18.32702
 -2.01216  -3.52320 -18.32689
 -2.01347  -3.52582 -18.32678
 -2.01504  -3.52854 -18.32676
 -2.01632  -3.53114 -18.32653
 -2.01750  -3.53399 -18.32676
 -2.01870  -3.53685 -18.32669
 -2.02004  -3.53965 -18.32707
 -2.02135  -3.54237 -18.32697
 -2.02247  -3.54498 -18.32699
 -2.02363  -3.54781 -18.32694
 -2.02478  -3.55034 -18.32686
 -2.02603  -3.55301 -18.32699
 -2.02726  -3.55509 -18.32674
 -2.02854  -3.55747 -18.32646
 -2.02991  -3.56017 -18.32578
 -2.03103  -3.56282 -18.32394
 -2.03220  -3.56586 -18.32210
 -2.03341  -3.56847 -18.31992
 -2.03442  -3.57146 -18.31753
 -2.03541  -3.57421 -18.31512
 -2.03637  -3.57711 -18.31235
 -2.03720  -3.57987 -18.30967
 -2.03802  -3.58244 -18.30634
 -2.03868  -3.58511 -18.30360
 -2.03960  -3.58757 -18.30072
 -2.04053  -3.59022 -18.29758
 -2.04146  -3.59293 -18.29425
 -2.04212  -3.59556 -18.29104
 -2.04278  -3.59839 -18.28816
 -2.04367  -3.60096 -18.28497
 -2.04451  -3.60362 -18.28210
 -2.04518  -3.60627 -18.27893
 -2.04579  -3.60874 -18.27592
 -2.04649  -3.61129 -18.27285
 -2.04686  -3.61398 -18.27082
 -2.04721  -3.61630 -18.26819
 -2.04766  -3.61889 -18.26542
 -2.04808  -3.62113 -18.26367
 -2.04859  -3.62346 -18.26166
 -2.04931  -3.62550 -18.26010
 -2.05004  -3.62749 -18.25897
 -2.05073  -3.62948 -18.25799
 -2.05159  -3.63143 -18.25694
 -2.05249  -3.63287 -18.25554
 -2.05319  -3.63446 -18.25394
 -2.05384  -3.63606 -18.25201
 -2.05454  -3.63768 -18.25012
 -2.05552  -3.63911 -18.24878
 -2.05626  -3.64072 -18.24706
 -2.05702  -3.64220 -18.24502
 -2.05771  -3.64364 -18.24326
 -2.05839  -3.64511 -18.24133
 -2.05917  -3.64663 -18.23929
 -2.05984  -3.64799 -18.23824
 -2.06045  -3.64955 -18.23698
 -2.06119  -3.65095 -18.23564
 -2.06191  -3.65244 -18.23394
 -2.06268  -3.65391 -18.23273
 -2.06364  -3.65543 -18.23132
 -2.06441  -3.65681 -18.22964
 -2.06494  -3.65801 -18.22747
 -2.06573  -3.65965 -18.22651
 -2.06644  -3.66150 -18.22543
 -2.06727  -3.66309 -18.22455
 -2.06807  -3.66457 -18.22378
 -2.06902  -3.66605 -18.22347
 -2.06998  -3.66774 -18.22227
 -2.07088  -3.66933 -18.22109
 -2.07157  -3.67105 -18.21965
 -2.07224  -3.67281 -18.21869
 -2.07315  -3.67431 -18.21763
 -2.07378  -3.67593 -18.21613
 -2.07444  -3.67742 -18.21501
 -2.07508  -3.67882 -18.21344
 -2.07576  -3.68026 -18.21161
 -2.07650  -3.68162 -18.20996
 -2.07733  -3.68300 -18.20846
 -2.07799  -3.68445 -18.20694
 -2.07877  -3.68578 -18.20605
 -2.07933  -3.68708 -18.20402
 -2.08006  -3.68855 -18.20227
 -2.08095  -3.69004 -18.20054
 -2.08162  -3.69153 -18.19916
 -2.08219  -3.69295 -18.19740
 -2.08271  -3.69428 -18.19588
 -2.08319  -3.69527 -18.19390
 -2.08407  -3.69669 -18.19214
 -2.08462  -3.69793 -18.19003
 -2.08517  -3.69911 -18.18811
 -2.08581  -3.70002 -18.18633
 -2.08667  -3.70133 -18.18475
 -2.08730  -3.70231 -18.18244
 -2.08793  -3.70331 -18.17998
 -2.08866  -3.70460 -18.17808
 -2.08946  -3.70569 -18.17637
 -2.09029  -3.70656 -18.17420
 -2.09089  -3.70752 -18.17202
 -2.09150  -3.70848 -18.16952
 -2.09219  -3.70943 -18.16695
 -2.09265  -3.71043 -18.16460
 -2.09333  -3.71146 -18.16230
 -2.09391  -3.71234 -18.15959
 -2.09455  -3.71322 -18.15754
 -2.09501  -3.71415 -18.15521
 -2.09567  -3.71489 -18.15267
 -2.09651  -3.71584 -18.15065
 -2.09722  -3.71686 -18.14812
 -2.09751  -3.71804 -18.14610
 -2.09791  -3.71914 -18.14450
 -2.09806  -3.72017 -18.14273
 -2.09830  -3.72108 -18.14087
 -2.09861  -3.72209 -18.13912
 -2.09886  -3.72320 -18.13694
 -2.09918  -3.72415 -18.13538
 -2.09923  -3.72515 -18.13320
 -2.09939  -3.72608 -18.13125
 -2.09949  -3.72702 -18.12965
 -2.09967  -3.72816 -18.12776
 -2.09992  -3.72919 -18.12610
 -2.10010  -3.73004 -18.12416
 -2.10025  -3.73091 -18.12227
 -2.10041  -3.73181 -18.12081
 -2.10065  -3.73274 -18.11893
 -2.10088  -3.73380 -18.11679
 -2.10108  -3.73460 -18.11442
 -2.10119  -3.73569 -18.11306
 -2.10096  -3.73644 -18.11050
 -2.10125  -3.73725 -18.10857
 -2.10139  -3.73819 -18.10703
 -2.10158  -3.73910 -18.10480
 -2.10162  -3.74025 -18.10276
 -2.10169  -3.74114 -18.10110
 -2.10182  -3.74199 -18.09940
 -2.10193  -3.74300 -18.09697
 -2.10193  -3.74392 -18.09478
 -2.10202  -3.74486 -18.09277
 -2.10202  -3.74577 -18.09053
 -2.10186  -3.74672 -18.08830
 -2.10186  -3.74785 -18.08608
 -2.10178  -3.74855 -18.08404
 -2.10163  -3.74948 -18.08219
 -2.10143  -3.75014 -18.07992
 -2.10129  -3.75092 -18.07746
 -2.10119  -3.75170 -18.07529
 -2.10097  -3.75263 -18.07291
 -2.10104  -3.75347 -18.07088
 -2.10070  -3.75409 -18.06847
 -2.10060  -3.75466 -18.06627
 -2.10042  -3.75554 -18.06370
 -2.10017  -3.75610 -18.06107
 -2.10011  -3.75711 -18.05887
 -2.09993  -3.75784 -18.05664
 -2.09976  -3.75863 -18.05379
 -2.09947  -3.75963 -18.05137
 -2.09913  -3.76051 -18.04851
 -2.09910  -3.76149 -18.04495
 -2.09906  -3.76211 -18.04113
 -2.09899  -3.76309 -18.03736
 -2.09869  -3.76410 -18.03287
 -2.09844  -3.76475 -18.02904
 -2.09807  -3.76547 -18.02520
 -2.09790  -3.76612 -18.02141
 -2.09766  -3.76692 -18.01655
 -2.09782  -3.76780 -18.01186
 -2.09777  -3.76863 -18.00709
 -2.09772  -3.76953 -18.00241
 -2.09781  -3.77064 -17.99774
 -2.09788  -3.77129 -17.99367
 -2.09763  -3.77214 -17.98860
 -2.09732  -3.77309 -17.98353
 -2.09717  -3.77385 -17.97869
 -2.09697  -3.77405 -17.97296
 -2.09666  -3.77451 -17.96734
 -2.09649  -3.77511 -17.96153
 -2.09619  -3.77543 -17.95591
 -2.09595  -3.77576 -17.95038
 -2.09542  -3.77668 -17.94540
 -2.09488  -3.77728 -17.94054
 -2.09449  -3.77755 -17.93622
 -2.09426  -3.77792 -17.93249
 -2.09386  -3.77824 -17.92838
 -2.09357  -3.77871 -17.92386
 -2.09315  -3.77912 -17.92047
 -2.09268  -3.77933 -17.91707
 -2.09221  -3.77955 -17.91376
 -2.09183  -3.77982 -17.91071
 -2.09140  -3.77986 -17.90747
 -2.09090  -3.78004 -17.90377
 -2.09046  -3.78035 -17.90043
 -2.08984  -3.78042 -17.89637
 -2.08939  -3.78067 -17.89275
 -2.08875  -3.78070 -17.88879
 -2.08827  -3.78091 -17.88427
 -2.08783  -3.78080 -17.88020
 -2.08710  -3.78100 -17.87624
 -2.08674  -3.78088 -17.87213
 -2.08615  -3.78097 -17.86802
 -2.08568  -3.78110 -17.86316
 -2.08493  -3.78101 -17.85893
 -2.08427  -3.78087 -17.85429
 -2.08390  -3.78077 -17.84999
 -2.08347  -3.78054 -17.84522
 -2.08308  -3.78031 -17.84034
 -2.08245  -3.78007 -17.83578
 -2.08190  -3.77984 -17.83128
 -2.08120  -3.77958 -17.82684
 -2.08052  -3.77940 -17.82190
 -2.08006  -3.77974 -17.81805
 -2.07953  -3.77984 -17.81438
 -2.07882  -3.77987 -17.81008
 -2.07803  -3.78031 -17.80579
 -2.07745  -3.78053 -17.80151
 -2.07686  -3.78072 -17.79746
 -2.07627  -3.78075 -17.79365
 -2.07559  -3.78089 -17.78934
 -2.07493  -3.78095 -17.78495
 -2.07435  -3.78119 -17.78068
 -2.07381  -3.78147 -17.77658
 -2.07340  -3.78157 -17.77250
 -2.07295  -3.78158 -17.76824
 -2.07233  -3.78180 -17.76401
 -2.07180  -3.78195 -17.75938
 -2.07126  -3.78193 -17.75487
 -2.07066  -3.78200 -17.75003
 -2.07024  -3.78176 -17.74580
 -2.06973  -3.78175 -17.74135
 -2.06913  -3.78197 -17.73702
 -2.06885  -3.78181 -17.73257
 -2.06839  -3.78164 -17.72821
 -2.06774  -3.78180 -17.72403
 -2.06742  -3.78180 -17.71935
 -2.06709  -3.78184 -17.71499
 -2.06655  -3.78190 -17.71034
 -2.06639  -3.78170 -17.70536
 -2.06612  -3.78154 -17.70033
 -2.06572  -3.78153 -17.69574
 -2.06521  -3.78134 -17.69121
 -2.06473  -3.78108 -17.68618
 -2.06427  -3.78090 -17.68193
 -2.06378  -3.78062 -17.67769
 -2.06341  -3.78057 -17.67339
 -2.06293  -3.78055 -17.66818
 -2.06236  -3.78060 -17.66367
 -2.06200  -3.78031 -17.65899
 -2.06155  -3.78023 -17.65464
 -2.06108  -3.77996 -17.65016
 -2.06064  -3.77996 -17.64520
 -2.06009  -3.77985 -17.64087
 -2.05962  -3.77979 -17.63601
 -2.05915  -3.77944 -17.63137
 -2.05869  -3.77888 -17.62686
 -2.05831  -3.77870 -17.62236
 -2.05779  -3.77868 -17.61748
 -2.05720  -3.77867 -17.61276
 -2.05675  -3.77838 -17.60827
 -2.05669  -3.77808 -17.60384
 -2.05617  -3.77775 -17.59942
 -2.05591  -3.77773 -17.59442
 -2.05550  -3.77762 -17.58963
 -2.05497  -3.77744 -17.58517
 -2.05460  -3.77689 -17.58039
 -2.05419  -3.77661 -17.57602
 -2.05385  -3.77653 -17.57135
 -2.05335  -3.77605 -17.56664
 -2.05276  -3.77569 -17.56223
 -2.05256  -3.77547 -17.55736
 -2.05196  -3.77537 -17.55272
 -2.05154  -3.77520 -17.54834
 -2.05110  -3.77483 -17.54379
 -2.05106  -3.77430 -17.53966
 -2.05106  -3.77384 -17.53511
 -2.05081  -3.77388 -17.53043
 -2.05057  -3.77351 -17.52578
 -2.05040  -3.77339 -17.52110
 -2.05033  -3.77289 -17.51641
 -2.05003  -3.77257 -17.51181
 -2.04982  -3.77224 -17.50733
 -2.04932  -3.77172 -17.50291
 -2.04886  -3.77122 -17.49875
 -2.04847  -3.77092 -17.49452
 -2.04812  -3.77027 -17.49008
 -2.04772  -3.76970 -17.48599
 -2.04739  -3.76910 -17.48179
 -2.04693  -3.76881 -17.47767
 -2.04672  -3.76859 -17.47344
 -2.04656  -3.76847 -17.46952
 -2.04630  -3.76806 -17.46574
 -2.04613  -3.76787 -17.46137
